0x4447DE8B	-up
0x443E6C22	.x4
0x44A7DE1E	001840_01_mics3_ig_21_tracy_exits_car_tra_facial
0x445A3215	10/9
0x44B46A5A	1080.00
0x44771BF6	10_ok_avi_just_concentrate_monitor
0x44B80C2E	30-nabojowa
0x44E4E56D	348_cerberus3_modkit
0x4432AD22	79_stunt_modkit
0x44043391	9jne1.
0x4430E789	@crewid
0x447EABE1	_idle_garbage_man
0x444102E1	_leadin_loop1_wchair
0x441C700C	a_c_fish_dual-49
0x44C079AA	a_c_rabbit_01-52
0x4449F34A	a_f_m_bevhills_01_p
0x443E6FBE	a_f_m_skidrow_01_black_mini_01
0x445AC854	a_f_y_bevhills_01
0x442F165E	a_f_y_bevhills_01_dual-8
0x4456900D	a_f_y_runner_01_dual-27
0x44B4D748	a_f_y_studioparty_01
0x44BE142C	a_f_y_tourist_01_dual-48
0x44EACBCC	a_f_y_vinewood_02_dual-7
0x44A3786A	a_god_a_deity_camera
0x44F4480C	a_m_m_fatlatin_01_dual-33
0x44C06D21	a_m_m_tourist_01_dual-54
0x4456698F	a_m_y_bevhills_01_dual-1
0x44D7C080	a_m_y_genstreet_01_dual-27
0x44422CAC	a_m_y_stbla_02_dual-13
0x44B03F4A	a_m_y_surfer_01-36
0x4470FA99	ac12_fspot_fos_ep1_p1_01-0
0x44CD3150	ac14_family_4_mcs_2p4_00-1
0x44045BF0	ac2_fspot_fos_ep1_p1_01-1
0x44EEA04D	ac3_fspot_fos_ep1_p1_00-6
0x44460CFC	ac42_fam_6_int_p3_t7_00-11
0x447365D6	ac6_mph_hum_int_p4_white_wall_bounce001-4
0x4412FDF4	ac_8_fam_5_mcs_6_p3_b_001-1
0x4477901A	acquisti
0x44565D92	action_01_cam_alt
0x44F77943	adam_away_dance_f_02
0x44284CF8	adam_away_dance_l_10_v2_facial
0x44EE81E9	adam_away_idle_n_05_hp_table
0x44EC8FD0	adam_away_idle_r_16_facial
0x44D41FC6	adam_away_idle_w_10_v2_bottle
0x443110CA	adam_bch_unq_crwd_c_56_v2_bottle
0x440DE6F5	adam_bch_unq_sync_c_63_bottle
0x445AEACE	adam_cue_idle_q_21_hp
0x44F643CC	adam_mix_idle_f_03
0x443CC6DF	adam_mix_idle_q_02_hp_table
0x443C77E0	adaptation.max.step.size
0x4497C194	adaptivedof.smoothtime
0x44C9425C	address_in_use
0x44B67874	agent_route2
0x44C93A4A	ah3b_fiaa
0x4451B673	ah3b_jvaa
0x44093858	ah3b_qmaa
0x4460FB3E	ah_3b_break_server_room_door
0x44003ABA	aimc_dodgy_fwd_r
0x441595D6	aluguel
0x44994E79	amb@code_human_in_car_mp_actions@v_sign@std@ds@base
0x44D5C4BD	amb@code_human_in_car_mp_actions@wank@bodhi@rps@base
0x44926286	amb@prop_human_seat_deckchair@female@base
0x44B9782D	amb@world_human_hang_out_street@female_arms_crossed@exit
0x4443805F	amb@world_human_janitor@male@idle_a
0x445596DE	amb@world_human_sunbathe@male@front@enter
0x44A06340	amb@world_human_superhero@male@space_pistol@idle_b
0x444AF2B0	amb_world_human_window_shop_female_idle_a_browse_a
0x44A2DC05	ambclub_09_mi_hi_bellydancer_glowstick_l
0x44D29ED4	anim@amb@casino@hangout@ped_female@stand@01b@exit
0x449D899B	anim@amb@casino@luxury_suite@suite_phone@
0x4434F433	anim@amb@inspect@crouch@male_a@react_cower
0x44B4D109	anim@amb@nightclub@mini@drinking@drinking_shots@ped_a@drunk@
0x4421E26A	anim@mp_player_intincarcoin_roll_and_tossstd@ps@
0x4436CAB1	anim@mp_player_intincardjbodhi@ds@
0x4410B838	anim@scripted@freemode@postertag@graffiti_spray@male@
0x4434292D	anim@scripted@player@mission@tun_control_tower@heeled@
0x445484B3	anim@veh@drivebybike@chopper@front@melee_1h
0x4489436B	anim_ac53_fos_ep1_p6_00-32
0x443E8116	anim_ac55_fos_ep1_p6_00-18
0x441790DD	anim_ac69_fos_ep1_p6_01-18
0x44D49960	anim_ac72_fos_ep1_p6_00-3
0x448506F7	anim_ac76_fos_ep1_p6_01-16
0x448AEF89	anim_casino_a@amb@casino@games@insidetrack@ped_female@engaged@01b@reacts_big_screen@v01
0x441C47AC	anim_casino_a@amb@casino@games@insidetrack@ped_male@engaged@01a@play@v01
0x44C97093	anim_casino_a@amb@casino@games@insidetrack@ped_male@slouchy@01b@reacts_big_screen@v01
0x44438A0D	anim_casino_a@amb@casino@games@slots@ped_male@engaged@01b@reacts@v01
0x448855B6	anim_casino_b@amb@casino@games@threecardpoker@ped_female@regular@01b@idles
0x446D0E30	anim_casino_b@amb@casino@games@threecardpoker@ped_male@engaged@01b@base
0x44A1D4F3	anim_corona_oat_fos_ep1_p6_14-29
0x44665DD3	anim_heist@arcade_property@mission_start@davies@exit_03@male@
0x44FBFB09	anim_heist@arcade_property@mission_start@la_mesa@exit_03@female@
0x4428639E	anim_heist@hs3f@ig9_vault_drill@drill@
0x44019305	anim_oat_fos_ep1_p6_03-27
0x442C399F	anim_oat_fos_ep1_p6_036-34
0x4404740D	anim_oat_fos_ep1_p6_047-20
0x4479D0B3	anim_oat_fos_ep1_p6_050-26
0x440261BF	anim_oat_fos_ep1_p6_18-21
0x445DFF7D	anim_oat_fos_ep1_p6_23-1
0x44FFCA48	anim_oat_fos_ep1_p6_29-20
0x440E197D	anim_oat_fos_ep1_p6_34-7
0x44214C8A	animl_aeav
0x444C0920	animl_auaj
0x449CAE5A	animl_bbao
0x44F858B6	animl_biar
0x44B0DCB2	animl_ciac
0x44951A59	animl_daae
0x44871637	animl_dgaj
0x44A24CCE	animl_eqae
0x44F60459	animl_fraa
0x44052B79	animl_fwaj
0x44F726D0	animl_gbam
0x443EDC2E	annihilator2-4
0x447BA9CA	ansph_ceaa
0x44E3A0FB	apa_mp_apa_yacht_option3_colb
0x442BCAFA	apt_fade_in_radio
0x443AAC5A	ar_fib_photocopier_2
0x44516E0F	arm1_doaa
0x4427B360	arms_gsaa
0x448133F4	arrivez
0x44C2D28E	ass_int_2_alt1-16
0x447CFDC1	automatique
0x44758BA7	auxilia
0x44C82EAA	az_music_malibu_11
0x4473C5A7	az_port_pier_05
0x446CC892	ba_prop_battle_cuffs-7
0x4401BBEC	ba_prop_battle_glowstick_01-17
0x44AEB557	ba_prop_battle_mic-75
0x440E232E	ba_prop_battle_mic-91
0x4400F7F4	ba_prop_battle_sniffing_pipe-94
0x442206C3	ba_prop_club_dressing_board_05
0x44C2210F	ba_prop_door_elevator_1l
0x44D29BA3	baller7-23
0x44C18EB7	bar_drink_male_c_idle_a
0x44E21C90	base
0x44F2E57D	base_gr_prop_gr_crate_mag_01a
0x442CF8A5	bb4_asao
0x44D2709F	beard
0x4414E889	beer_idle_a
0x44C81AF2	befestigtes
0x44FC6DF5	bfinjection-2
0x449B8ED5	bkr_prop_biker_chair_01
0x4486B0AA	bkr_prop_coke_press_01aa
0x442B1FD8	bkr_prop_fakeid_pen_01a-54
0x44E2C0B3	bodybalance
0x44DA6328	boolean
0x447B0578	bordsteinschwalbe
0x44041930	boss_blipped
0x4497F52F	bouncer_greet_trevor_owns
0x44F645D6	bouncer_player_misbehaving_trevor_owns
0x44BD10F0	bs2b_hcaa
0x44CD926D	bs2b_jtac
0x44FD86B7	bs2b_mvaa
0x4464F148	bs_2b_vault_shootout_02
0x446DD766	bullettime
0x442875FB	bunker
0x4494A387	busto_bcad
0x44F6BE11	busto_beab
0x44623884	caddy
0x441BEC44	caddy3-35
0x44B02E1D	candidates
0x44831002	cannon_active_loop
0x4416ED1A	cbrad_dkae
0x44CF40C6	ch3_rd2_bishopschickengraffiti
0x44044299	ch_des_heist3_tunnel_02-0
0x4439AAD8	ch_prop_arc_love_btn_hot
0x44969529	ch_prop_arcade_jukebox_01a
0x44975D27	ch_prop_arcade_street_01b-40
0x4413AFB8	ch_prop_arcade_street_01c-23
0x443BAC5C	ch_prop_arcade_street_01d-45
0x44EB678B	ch_prop_ch_unplugged_01a-24
0x44946C7F	ch_prop_fingerprint_scanner_01a-8
0x44838663	chaque
0x4426547A	charlies_coming_back_0
0x443A9657	chatc_axaa
0x44A3E83C	chatc_btad
0x44DB8F3B	chatc_buaf
0x44C1B09D	chatc_clab
0x44272C21	chi2_aiaa
0x44A03CAA	chop_lean_right_loop
0x445E8706	cigar_enter_cam
0x444A54F2	cleaning_inside_by_hand_lazycook
0x44E64608	clear_evc
0x44FB9F81	closehandle
0x449B96BF	cloudhat_altostatus_a
0x44E15173	club_open-45
0x44B2F6E6	cmloinstancedef
0x44565A3C	coke_cut_v3_bakingsoda
0x440DF506	combat@gestures@gang@pistol@overthere
0x440851D8	comet7
0x44032F11	component_carbinerifle_mk2_clip_fmj
0x440518B2	component_pistol_mk2_varmod_xm3
0x441882E6	component_snspistol_mk2_camo_ind_01
0x44D369F1	comprar.
0x44D96D79	computer_check_openpassport1
0x449F746C	confianza
0x4460F469	configurelimits
0x446294F4	corona_fos_ep1_p1_01-15
0x44BF81D3	corona_fos_ep1_p1_06-29
0x44AE01D6	corona_oatfos_ep_1_p1_021-1
0x4414100C	corona_oatfos_ep_1_p1_025-22
0x44F611E8	corona_oatfos_ep_1_p1_025-26
0x4427283E	cower_backright_enter
0x4472F81D	cpacketpedupdate
0x44E75B1C	creatures@pig@move
0x44D3F9AD	creatures@rabbit@amb@world_rabbit_eating@enter
0x448635E2	crew_dead_player1
0x44018AA7	cs_avi_champagne_spray-8
0x447C5831	cs_bradcadaver-12
0x44A26BCC	cs_cig_smoke-19
0x44850A08	cs_exile2_gas_liquid_pour-5
0x441E0872	cs_exile2_iron_steam-0
0x44A5209E	cs_fabien_dual-44
0x4446DA14	cs_gurk_dual-15
0x4440A804	cs_jewelass
0x44FBBCA4	cs_lazlow_dual-11
0x441D7AA4	cs_old_man1a_dual-12
0x4459AC1D	cs_patricia_dual-12
0x4424C2CF	cs_priest_dual-8
0x448D7197	cs_russiandrunk_dual-57
0x44945920	cs_sv_yard_car_wheel_smoke-66
0x4437B908	cs_sv_yard_trip_dust_chest
0x44C141E0	csb_ballas_leader_dual-0
0x446D85D1	csb_ballas_leader_p
0x4421AA32	csb_callgirl_02_dual-83
0x44F7B684	csb_dax_p
0x446DC6CD	csb_denise_friend_dual-36
0x445097AB	csb_isldj_01_dual-6
0x44BC7BB1	csb_jackhowitzer
0x444CD646	csb_juanstrickler_dual-16
0x446CF43A	csb_maude_02_dual-20
0x44D0E83D	csb_musician_00_dual-23
0x44731B35	csb_stripper_02-5
0x44F753A2	csb_talcc_dual-3
0x44B6271A	csb_vernon_p
0x4469C691	cst2_geaa
0x44A12CC0	cst2_grad
0x44193CB2	cst2_jaad
0x443FBACD	cst3_daag
0x44FCCDB8	cst7_dqaf
0x4423DDBE	cst7_egaa
0x441E3270	csx_seabed_rock1_
0x440301BD	cuantos
0x4441BAB1	cuervo
0x44F6E9DA	cut_sec_cig_lighter_flame-50
0x44BC802F	cut_sec_cig_weed_smoke-45
0x445F0ACA	cut_sec_veh_tire_smoke-24
0x441EB4A4	cut_tn_swat_van_skid_smoke-7
0x447EBCEF	d_ac3_car_1_ext_p3_076-6
0x444111F4	d_ac3_hs4_scp_airs_p2_t07_00-25
0x444B1303	d_open_in
0x442FE183	daemon2-9
0x44CE9154	davvero
0x443B7D10	dead_1
0x44827DA2	dead_b
0x4487ACD0	des_door_root
0x44166634	des_heli_scrapyard
0x44F471B4	dh1_coaf
0x4470A662	dh2a_diag
0x44EF763B	dh2a_eraa
0x446BEC4B	dh2a_shootout_scene
0x44DFE86E	dh2b_egas
0x44570DA8	dhf_aiaa
0x443212DF	dhf_baag
0x44546346	dirtcolor
0x4404C1B6	disablecommend
0x441F7410	distdriven
0x4440B981	dix_end_bg_female3
0x44C4A404	dix_end_other_headphones
0x445ED0CB	dixn_dance_cntr_e_dix
0x44AA56BD	dl_lensdistortion
0x4402F39F	dlc_exec1_buy_sell_sounds
0x449BA9B6	dlc_mp_ar_f_berd_0_1
0x445C9CDE	dlc_mp_ar_f_jbib_1_16
0x44FD630A	dlc_mp_arena_f_berd_12_12
0x44FB192A	dlc_mp_arena_f_jbib_1_17
0x442B953F	dlc_mp_arena_f_legs_8_3
0x44135E8E	dlc_mp_arena_f_special_4_1
0x44C0E6F0	dlc_mp_arena_m_berd_0_11
0x443B5B55	dlc_mp_arena_m_feet_8_4
0x4448ACC6	dlc_mp_arena_m_jbib_5_9
0x44485F18	dlc_mp_arena_m_legs_0_17
0x44785D99	dlc_mp_arena_m_legs_4_9
0x44F76F2A	dlc_mp_arena_m_phead_1_7
0x4478FF9E	dlc_mp_beach_m_head0_5
0x44173739	dlc_mp_beach_m_lowr2_3
0x44EA0796	dlc_mp_bh_f_feet_2_18
0x44D22028	dlc_mp_bh_f_jbib_20_3
0x4415C408	dlc_mp_bh_f_jbib_9_14
0x44397DC3	dlc_mp_bh_f_special_10_11
0x441E2CAF	dlc_mp_bh_f_special_7_2
0x445CC19B	dlc_mp_bh_m_jbib_11_0
0x44BCE2DC	dlc_mp_bh_m_special_2_20
0x44DDD494	dlc_mp_biker_f_berd_0_4
0x448AC59A	dlc_mp_biker_f_hair_5_0
0x4467FAFA	dlc_mp_biker_f_special_12_2
0x44B76073	dlc_mp_biker_m_jbib_23_1
0x44D8D8CB	dlc_mp_biker_m_special_1_6
0x44F3A3BE	dlc_mp_biker_m_special_2_24
0x440F3041	dlc_mp_biker_m_special_4_21
0x44614A0C	dlc_mp_busi2_m_teeth0_14
0x44F321E5	dlc_mp_busi_f_jbib1_2
0x442AA225	dlc_mp_busi_f_legs1_12
0x4410E7D0	dlc_mp_business_m_watch0_0
0x44CB6801	dlc_mp_exec_f_jbib_10_5
0x4443669C	dlc_mp_exec_f_jbib_16_7
0x44A50C9F	dlc_mp_exec_m_jbib_11_1
0x4403CA38	dlc_mp_exec_m_jbib_15_4
0x444E4A4D	dlc_mp_exec_m_jbib_15_6
0x442D7B7B	dlc_mp_exec_m_special_3_1
0x440A99A5	dlc_mp_fixer_f_jbib_4_12
0x446645EF	dlc_mp_fixer_f_jbib_9_21
0x441A90EC	dlc_mp_fixer_f_legs_3_15
0x4410D977	dlc_mp_fixer_f_phead_4_5
0x4451ED68	dlc_mp_fixer_m_legs_2_2
0x443A8E32	dlc_mp_fixer_m_peyes_2_4
0x442D8AD8	dlc_mp_fixer_m_phead_1_8
0x44B7F8A1	dlc_mp_fixer_m_phead_4_22
0x4495592C	dlc_mp_gr_f_berd_2_2
0x44B3AAB1	dlc_mp_gr_f_special_20_10
0x44115B59	dlc_mp_gr_f_special_22_1
0x44EBE408	dlc_mp_gr_f_torso_10_2
0x44417086	dlc_mp_gr_f_torso_12_8
0x44044E77	dlc_mp_gr_f_torso_31_19
0x440C91A9	dlc_mp_gr_f_torso_6_9
0x44969F1A	dlc_mp_gr_m_berd_0_3
0x447A2F0D	dlc_mp_gr_m_berd_3_5
0x449C2CCC	dlc_mp_gr_m_jbib_17_7
0x443061CA	dlc_mp_gr_m_special_2_14
0x449F5C3F	dlc_mp_gr_m_special_4_0
0x440616AC	dlc_mp_h3_f_berd_18_24
0x441AA791	dlc_mp_h3_f_phead_10_0
0x4408DBA3	dlc_mp_h3_f_phead_6_10
0x44BCB779	dlc_mp_h3_m_phead_11_1
0x441CED7C	dlc_mp_h3_m_special_10_18
0x44DB6B6C	dlc_mp_h4_f_berd_2_9
0x44D18C72	dlc_mp_h4_f_phead_0_4
0x44C35664	dlc_mp_h4_f_phead_2_6
0x44843EF1	dlc_mp_h4_m_peyes_1_10
0x448D0B0B	dlc_mp_h4_m_teeth_10_12
0x446FB849	dlc_mp_hal_m_berd_2_1
0x44F53E12	dlc_mp_heist_f_teeth_2_1
0x44C897D9	dlc_mp_heist_f_torso_14_0
0x4476B653	dlc_mp_heist_f_torso_37_0
0x44F73772	dlc_mp_heist_f_torso_59_0
0x44244548	dlc_mp_heist_m_hand_9_20
0x445C9971	dlc_mp_heist_m_teeth_1_14
0x444858AF	dlc_mp_heist_m_torso_35_1
0x44E02E4C	dlc_mp_hips_m_hair0_1
0x4401A5EA	dlc_mp_ie_f_jbib_5_3
0x44463C58	dlc_mp_ie_f_phead_4_0
0x44625BC9	dlc_mp_ie_f_special_9_3
0x44B0495E	dlc_mp_ie_m_berd_0_2
0x4474364D	dlc_mp_ie_m_jbib_3_9
0x4410EC52	dlc_mp_ind_m_legs_0_2
0x44C38FEC	dlc_mp_jan_f_phead_4_9
0x4485CF7A	dlc_mp_jan_f_uppr_7_5
0x44BC6B5A	dlc_mp_jan_m_teeth_0_4
0x44FB1F60	dlc_mp_jan_m_uppr_8_2
0x44AEB71C	dlc_mp_low2_f_special_1_0
0x4427C3CE	dlc_mp_low_f_special_5_2
0x447E6AC5	dlc_mp_low_m_jbib_4_5
0x449FD722	dlc_mp_low_m_phead_0_19
0x44370A14	dlc_mp_luxe_m_special_0_5
0x446A0137	dlc_mp_pilot_f_hand_3_6
0x44E0350E	dlc_mp_pilot_m_berd_0_0
0x442EF754	dlc_mp_pilot_m_torso_0_0
0x44783B37	dlc_mp_smug_m_berd_2_16
0x446FB729	dlc_mp_smug_m_jbib_2_21
0x44126E06	dlc_mp_stunt_m_berd_0_3
0x4497CC6C	dlc_mp_sum2_f_berd_5_0
0x44C7E757	dlc_mp_sum2_f_pears_0_1
0x4453E996	dlc_mp_sum2_m_berd_6_2
0x442DF216	dlc_mp_sum2_m_decl_1_0
0x4412D1F3	dlc_mp_sum_f_special_3_20
0x445A06DA	dlc_mp_sum_m_jbib_15_17
0x445306C3	dlc_mp_sum_m_special_4_20
0x44571870	dlc_mp_tuner_f_jbib_14_2
0x442F0D37	dlc_mp_tuner_m_special_0_14
0x44700D72	dlc_mp_tuner_m_special_1_14
0x44EC77FF	dlc_mp_val_m_jbib0_0
0x443A73D6	dlc_mp_vwd_f_jbib_17_3
0x441F2E9A	dlc_mp_vwd_f_jbib_5_13
0x44DB4B35	dlc_mp_vwd_f_pleft_wrist_8_1
0x446AB37B	dlc_mp_vwd_m_feet_3_1
0x44A642F2	dlc_mp_vwd_m_jbib_16_0
0x44C9CD3C	dlc_mp_vwd_m_peyes_1_2
0x44E29B42	dlc_mp_vwd_m_pleft_wrist_7_0
0x44D5D05A	dlc_mp_vwd_m_special_6_2
0x44F924AE	dlc_mp_vwd_m_teeth_0_6
0x44AFB743	dlc_mp_x17_f_feet_2_9
0x44A52135	dlc_mp_x17_f_jbib_11_0
0x44B968DA	dlc_mp_x17_m_berd_9_2
0x440F3F3D	dlc_mp_x17_m_jbib_10_11
0x443E9EA7	dlc_mp_x17_m_jbib_12_24
0x44E56A74	dlc_mp_x22_f_feet_15_5
0x4428E074	dlc_mp_x22_f_feet_5_7
0x44835D2E	dlc_mp_x22_m_feet_14_6
0x44945FDF	dlc_mp_x22_m_feet_5_12
0x441102AD	dlc_mp_x22_m_feet_6_4
0x44E88A66	dlc_mp_x22_m_jbib_1_25
0x4459A679	dlc_mp_x22_m_phead_2_23
0x44113D12	dlc_mp_xmas2_m_legs_0_2
0x447D2237	dlc_mp_xmas3_f_berd_11_2
0x44036BC4	dlc_mp_xmas3_m_berd_12_0
0x44862E32	docks_heist_prep_1_sub_swing
0x44540244	domestica
0x442ED1EF	drf_mic_1_cs_1-29
0x44FFF99A	drf_mic_1_cs_2-33
0x4471034B	drf_mic_2_cs_2-0
0x442482AE	drf_mic_2_cs_2-6
0x4451CB27	drink_base_jimmy_facial
0x44DA52EA	drink_idle_02_glass
0x44232997	drinking_wine_exit_slightly_drunk_cam3
0x44BDC6CA	ecsu
0x442A2DB0	electrocute_spark_hand_r
0x44B6AC4D	elegy-16
0x44503B52	emperor-2
0x4487F7CA	enemies.
0x44AE7EA1	ent_dst_glass_bottles
0x44E22159	enter_broken_fuse_4
0x44759995	enter_e
0x44A1854C	entityfx_collision_decal_end
0x4445476C	eps6_bjaa
0x44E70396	es_1_rcm_concat-5
0x44E5970B	ex_cash_pile_07
0x44CB97A6	exc_prop_exc_gar_door_01a-0
0x4428AC7C	exemplar-17
0x44C2B27A	exile34
0x448CA9C3	exit_5_wheel
0x44B969C8	exit_7_ball
0x44F031B7	exp_blimp3_16
0x44AA8105	explode
0x44886108	expose
0x4401EF76	eye-opener
0x441DF5F1	f_exit_02_west_vinewood_ped_c
0x444CA560	f_exit_03_paleto_bay_ped_a
0x44DCDF3C	facial_l_eyelidlowerinneranalog
0x44343DF7	facial_r_eyelidloweroutersdk
0x44887627	facials@gen_male@variations@happy
0x44B76E2A	fafm_braa
0x44785A8E	fam_6_int_p3_t7-2
0x44EF8F16	famf_aiaa
0x449AE30A	family_2_int-2
0x4483578A	family_3_ext-5
0x4479FC30	fan2_ayaa
0x44065068	fbi-3
0x4451FAD4	fbi1_lose_cops_start
0x445A3780	fbi5a_kiad
0x44A1674B	fbi5a_lpab
0x44CE30ED	fbi5a_nyab
0x4423E58D	fbi_5_int-4
0x44A049B9	fbis1_bqag
0x4413830D	fbis4_biaa
0x44D89EC3	fbis4_buah
0x44676BE8	fbis4_ceaa
0x44E712E1	fbis4_ciaa
0x446CD2B6	fbis4_gaaa
0x447C2C49	fbis4_jcaj
0x44F90A2E	fbis4_jfae
0x445585F3	fbis4_jgaa
0x44FE0297	fblade_1mod
0x4423B544	fcftl_cnam
0x44B58847	fcftl_czac
0x44062675	fcmft_ctak
0x442FB4C0	fcmft_cuaf
0x44BB3C45	fcmt_dtaj
0x44CB71B3	fcmt_edac
0x4442838F	fctj_acad
0x445D2B76	fctj_amaj
0x445B7F5B	fctl_cnad
0x449D5C8C	fctl_cpag
0x44051CCC	fe_intro_banner
0x44AA2105	felon2-14
0x441DF3B1	female_pos_a_p1_exit_lighter
0x441CAAE7	female_pos_b_p1_weed_smoke_02_lamar_strain
0x442EF915	female_pos_b_trans_p2_to_p1_ashtray
0x44F416DB	fh2a_carts_restart
0x44581234	fhf_auab
0x449C9BB4	fhf_bmaa
0x447032FF	fidget_med_loop_att
0x44FAAD0C	fill_ac5_mph_nar_mid_p2_006-13
0x44497B87	fill_ac9_mph_hum_mid_p1_t07_005-1
0x44B71E96	fin_c_int-12
0x44024500	finh1_auaa
0x4485F6AC	fix_agy_int2-7
0x445AB1F3	fixed:
0x44539395	fixf_fin_mcs2-27
0x4467C33D	fizer
0x446C7E8E	fkn1_hvaa
0x44EC9225	fkn1_jyag
0x44984655	flag_firetruck
0x44DBE41A	flash.
0x4471CE27	flightlessbird
0x44234A6C	fm_1_ayab
0x44FF9404	fm_1_cjaa
0x44FD42A7	fm_hip_m_tat_000
0x444EA58E	fm_tat_f_028
0x441F69EA	fmm_dsaa
0x44F7A3CB	fmt_aiaa
0x440537AF	fmt_ccab
0x443CB953	fnfl_agac
0x448121D0	formage
0x4466BDA7	forum
0x44669A96	fos_ep_1_p6-19
0x44B9BC86	fr_014
0x44C24694	franklin
0x44DCDA5F	franklin_1_int
0x448EC866	franklinwavetohelicopter
0x4450DEFB	fras_ig_10_p3_loop_frank
0x44360BB7	frlfb_amam
0x44B25504	frlfb_bvac
0x449393C8	frlfe_avaa
0x446A31CB	frlfe_csac
0x44054373	furstiffness0
0x44B7B800	g_f_m_fooliganz_01_dual-11
0x449CB3DE	g_f_m_fooliganz_01_dual-42
0x44F18919	g_m_m_cartelgoons_01_dual-1
0x44D96545	g_m_m_chicold_01_dual-5
0x443450F0	g_m_y_famca_01_dual-10
0x44385B4B	g_m_y_pologoon_01_dual-8
0x44C82ADF	gameinvitepending
0x440E740D	gang_albanian
0x4457819C	generic-type-
0x44BD59DA	generic_failed
0x44E5DD3A	gestures@m@sitting@generic@casual
0x44DABAB5	gr_prop_gr_3stackcrate_01a
0x44AE3BE2	grab.
0x44792833	h4_int_lev_sub_chair_02-13
0x4492441E	h4_int_lev_sub_doorl-9
0x44C1D4AF	h4_p_h4_champ_flute_s-28
0x441770E4	h4_prop_battle_lights_01_bright
0x44B202EF	h4_prop_casino_3cardpoker_01b
0x44519ACE	h4_prop_door_club_edgy_generic
0x448BF540	h4_prop_h4_big_bag_02a-14
0x44B76256	h4_prop_h4_camera_01-29
0x4468BF01	h4_prop_h4_table_07
0x44900723	h4_prop_h4_tool_box_01b-1
0x44A9A349	handled
0x44E3DC4D	hasfont:
0x44260862	hash_44260862_qcppkmd_collision
0x444634DA	hash_444634da_ipvidyd_collision
0x4455E4FF	hash_4455e4ff_dhtvfbs_collision
0x446FD43A	hash_446fd43a_gsiofp_collision
0x448179D9	hash_448179d9_wrfzzhe_collision
0x448BB014	hash_448bb014_fdxwwgha_collision
0x44D3A9E7	hash_44d3a9e7_eavknem_collision
0x44975E50	hasmaxlength:
0x448EBF76	headshot_bonus
0x441EAA68	hei_po1_01_fancase001
0x44620D92	hei_prop_heist_hook_01-4
0x4473FDC9	hei_prop_heist_magnet-6
0x44A67431	hei_prop_zip_tie_positioned-2
0x44982599	hei_vw_dlc_casino_door_replay
0x44196F16	hf_tyres_raise_side_impact_threshold
0x44899093	high_walk_l
0x44F0D26D	hinge
0x44434844	hooker_leaves_angry
0x44B28BAE	hs3_int-0
0x448DE891	hs4_nimb_lsa_isd-61
0x44FFBE9C	ht2_cle_0_1
0x44339731	hud_mp_tag_cuff_keys
0x44E6A418	hydra-3
0x447E8DA2	i_love_chill_people_5
0x445A8655	iaaj_int-0
0x4461F41B	idle_06_imani_facial
0x447D840E	idle_a_beer
0x44BC7F4B	idle_a_head_phones
0x4452697E	idle_turn_right_fast_intro
0x44C2BCEB	idqhi
0x44D176B8	ig_14_iwishall_b_tracy
0x448C3082	ig_ahronward_dual-49
0x443B11A0	ig_jimmydisanto-15
0x442BCA10	ig_lildee_dual-19
0x449AFE7A	ig_pilot_dual-58
0x44ABB204	im_there_though_ped
0x441D3841	imp_prop_impexp_sdriver_02
0x44D92C8E	income
0x448A93E7	influx
0x44C4E977	innovat
0x446258B6	input_creator_lt
0x44E7E093	input_veh_sub_turn_left_only
0x4443C1CF	inputgroup_wheel
0x4496C193	inputsequence
0x445A14B8	insult_ped_tough_conv01_part2
0x44B58203	int_office_lobbyhall
0x4445D4A0	intro_180l
0x44D9911B	intro_bottle_fp
0x44F28B88	intro_male_unarmed_b
0x44DE2F5C	intro_throwables_e
0x442BA1EA	investigate_03_gr_prop_gr_crate_mag_01a
0x4454FADD	ironed
0x442A9021	italigtb2-3
0x446CA457	iz_bkr_biker_dlc_int_02_int02_toiletrm
0x4440F6E0	iz_m23_1_dlc_int_03_m23_1_iaa_facility_room
0x44EF266A	jester4-24
0x440599D6	jh_lmaa
0x446722BC	jhf_awac
0x4422C3ED	jhf_bvaa
0x44E26559	jhp1a_ebab
0x44CF50C1	jhs1_fjab
0x44736287	jugg_suit
0x44A97775	jump_off_heli
0x448D148E	keyistoggled
0x44668F33	kfloat
0x44556E29	kick_close_b
0x4402CB75	kolejnych
0x445DEFF7	koreana
0x44C25BE7	kuruma2-5
0x447BDE91	ky3ccn
0x44E7AF9F	ladders@female
0x44A628B1	layout_low_dune3
0x44537E7E	lem2_dsaf
0x44F2A6D5	les1a_akag
0x44F277BC	lester_leadin_base
0x441364C5	lguard-46
0x44ED7DBD	li_idle_c_m02
0x443218C5	locale
0x446C2C70	long_sleeve
0x44CF813A	look_around_v2_idartistfemale
0x4490491E	lookaround_counting_binmoney
0x44C65CE1	low_drv_ext-4
0x440CD56D	lowrider
0x444D726A	lsdhs_mcs_2-0
0x443C90EB	luxor-13
0x44FCA0F2	luxor-3
0x448E0582	luxor-80
0x44A78DA5	m.8o
0x443837DF	m23_1_prop_m31_barge_col_02
0x449D78C3	m23_2_int1_m232_hatch_hinge
0x44A0376D	m23_2_int6_m232_decals_wall_1
0x440A4114	m23_2_mp2023_02_additions_shipbridge_l1
0x44FDC9EC	m23_2_prop_m32_door_ls_logo_01b-30
0x44F90BA4	m23_2_prop_m32_police_badge_01a-57
0x44F68577	m23_2_prop_m32_safe_01a
0x44875D5E	m23_2_prop_m32_sec_cabinet_01g
0x4434A0F5	m23_2_prop_m32_wall_sign_0l1
0x441D162D	m24_1_mph_cntl2_glass06
0x445A2BC9	m24_1_prop_m41_blinds_closed_01a-1
0x44089F98	m24_1_prop_m41_blinds_open_01a-39
0x44C01F45	m24_1_prop_m41_nameplate_01a-3
0x4402F500	m24_2_int_01_desk_main_01
0x44E48BC7	m24_2_int_01_stairs_top
0x44FE8563	m24_2_prop_m42_gastank_01a
0x447A77B6	m24_2_prop_m42_ladder_01a
0x442A1B8F	m25_2_int_01_c_gal_shell
0x44771BDC	m25_2_int_01_lamp_ceil_spot_014
0x44B5CF60	m25_2_int_01_lp_office
0x448C383B	m25_2_int_01_rug_02
0x443E58BC	m25_2_int_01_vent_015
0x442A85EA	m25_2_prop_m52_business_card_01a-2
0x44F0D6CD	m25_2_prop_m52_business_card_01a-53
0x44032855	m25_2_prop_m52_door_msn_pool_01a-86
0x449C86B7	m25_2_prop_m52_wallart_r_09
0x44ADB81B	m_exit_01_west_vinewood_ped_d
0x449CCF72	male_pos_a_p1_weed_exit_normal_weed
0x4497ACB4	male_pos_b_p1_weed_base_ashtray
0x44EDFB25	male_pos_b_trans_p2_weed_to_lamar_lighter
0x44D0ABF8	male_pos_c_trans_p2_weed_to_p2_lighter
0x444ADF1B	mch2_bxaa
0x44EF90E1	melee_underwater_still_var_b
0x44DA3C69	menu_unique_id_settings_graphics
0x4432921E	menu_unique_id_store
0x4463F4BD	mgps_eoab
0x44C62B00	mgtn_fjab
0x44B08C1E	mgtr_buaa
0x44639713	mh_collarback
0x44E1BBEB	mi_3_helicopter_crash_scene
0x447E5C5D	mic_2_ig_11_intro_cam
0x44BC98BC	mifl_akab
0x445E862B	min1_alaa
0x44982DF2	min1_dnaa
0x44A82C88	min2_ceaf
0x446B48F5	mini@golfreactions@michael@clubs
0x444AAAD7	minspecaudio
0x4470AE00	minute_man_01_soundset
0x44EE7B3E	misscarsteal3
0x4450A0B2	misslamar1lam_1_ig_13
0x44A131D7	mitrailleuse
0x44F08E8C	molly_escapes_car_car
0x44B1A585	moodm_cdj_right_b_14_facial
0x44C058FE	moodm_dance_ma_27_dancer_a
0x444FE850	moodm_dance_mf_30_turntable_left
0x443F4ABD	moodm_deck_mc_01_facial
0x445BA813	moodm_deck_mc_01_lp_left
0x4462BC24	moodm_idle_lh_12_dancer_b
0x449E241E	moodm_trans_deck_to_dance_mb_02_bag
0x4422F52F	morningwood_17_vagos
0x443243F7	mp_2023_02_tat_014_f
0x44FB0838	mp_battle_clothing_057_m
0x44B39DA4	mp_battle_clothing_059_m
0x449C2FC7	mp_casino_back_security
0x4490B314	mp_cncpstat_
0x44AC5C4C	mp_f_gunrunning_hair_01
0x440AFC0D	mp_fm_branding_055
0x445419D3	mp_luxe_tat_010_f
0x4432F941	mp_m_sum2
0x44494449	mp_player_int_grab_crotch_enter
0x44CB2211	mp_vinewood_tee_025_f
0x44AC1C88	mp_vinewood_tee_028_f
0x447045F9	mp_warpcheckpoint
0x44068AB2	mpcas3_int-10
0x44817EFB	mpcas6_int-0
0x4419875D	mpct_cbaa
0x4410E61A	mpct_hhaa
0x44FF2FCA	mpct_kmaa
0x44710A74	mpdlc_azab
0x448B76AA	mpgcs_adaa
0x4424100E	mph_hum_emp_ext-1
0x44414E13	mph_pac_int-3
0x4492A605	mph_tut_mid-2
0x4410D81F	mpheist3_tat_033_f
0x44B36E63	mpheist3_tat_034_m
0x440C0D28	mt
0x44236D72	multisample
0x4440C182	musclestiffnessleftarm
0x4410FFEB	muz_buzzard
0x44F9ECF6	n_30_nmt_1_rcm_pt2_00-7
0x44EA36F2	n_ac22_fin_ext_p2_003-4
0x44F283A3	n_ac24_bar_3_rcm_005-2
0x442D85B4	n_ac27_ep_3_rcm_alt1_002-8
0x44CA028C	n_ac2_fin_c_ext_p5_005-28
0x44D206D0	n_ac2_fin_c_ext_p5_005-35
0x44C7100D	n_ac5_tonya_mcs_1_00-1
0x44B77F77	n_ragelight14_dixn_intro_p1_001-3
0x44CD8A98	naczepa
0x44F5C82F	neither
0x44B3696C	new_sol_dance_a_wineglass
0x447C8F0A	next_level_melee
0x44C8BD68	ng_filmic02
0x44BECFD2	ng_proc_paper_mag_1b
0x44790FA1	nig1b_cgaa
0x44441EDB	nig1c_auad
0x4471ECA4	nme_away_idle_h_16_coconutdrink
0x44FE3861	nme_bch_unq_sync_b_99_hp_table
0x445C9ECD	nme_mix_idle_m_19_hp_neck
0x44C6115C	nme_trans_mix_to_away_c_20
0x442C5910	nme_unq_chat_e_10_facial
0x444D255D	normal_decal.sps
0x4496167F	nulla
0x44493959	nvpowerapi.dll
0x4423AADA	oat_fos_ep_1_p1_039-28
0x4426772C	object_id_freed_event
0x44185615	observing
0x44922AB7	ojas_khab
0x448FD32D	p5c86
0x44E85E60	p_arm_bind_cut_s-16
0x441F480C	p_cs_newspaper_s-11
0x44BEF5E1	p_cs_polaroid_s-11
0x44BFD3C6	p_cs_sub_hook_01_s-8
0x44307855	p_ecg_01_cable_01_s-3
0x442E84E9	p_ilev_p_easychair_s-38
0x446A3881	p_ing_microphonel_01-28
0x44323390	p_large_gold_s-20
0x441B262F	p_leg_bind_cut_s-13
0x440DA4CA	p_lev_sofa_s-12
0x44070322	p_loose_rag_01_s-7
0x448FAC97	p_po1_01_doorm_s
0x44BB2AD2	p_syringe_01_s-3
0x4428B77B	pamela_ig_1_p1_letmetellyoumydarlings_0
0x441D8F32	pap2_dcab
0x442AC8F7	pap3b_bbat
0x4464F6F4	pappone
0x44B6DE68	patricia_pvg
0x449840E6	pbam_alaa
0x449185FE	pbbb_aaaf
0x44B7AD7B	pbje_adae
0x4478CF70	pbjs_akae
0x44968180	pbpd_aaaf
0x4486FF0A	pbpd_amaf
0x44E2BC78	ped_a_pour_one_drunk_male_c_glass
0x44789AA6	ped_alpha
0x449C878B	ped_ragelight16_tale_intro_p1_001-6
0x4418084E	permittedvehicletype
0x448BC5EC	pilot
0x4415B67B	player_two_dual-5
0x44E51FD8	player_zero-1
0x44F4229B	point_side_left_pap
0x44B9E357	pr_dlc_23_02_cash_warehouse_dryers_02
0x4441A25D	pr_dlc_ch_plan_master_control_terminal_01
0x44EE0C5E	prd_ig12_idle_start_mixer_01a
0x4473E372	prd_ig15_trans_2_chair
0x44B336D2	preupd
0x44657B26	prop_ashtray_01-28
0x44083A8F	prop_ballistic_shield
0x441C5480	prop_barrel_01a-2
0x44503E91	prop_beer_logopen
0x44D70DBB	prop_billboard_09wall
0x44280AA8	prop_bin_06a
0x441F12DB	prop_boogieboard_04
0x443A32D0	prop_cabinet_01
0x446056F0	prop_cardbordbox_03a-0
0x44F068F7	prop_chair_01b-18
0x445680D0	prop_chair_08-6
0x441C79C2	prop_coral_flat_clam
0x44476476	prop_crisp-3
0x448C1759	prop_cs_box_clothes-4
0x44AB2ED1	prop_cs_dog_lead_b_s-7
0x4438A799	prop_cs_ironing_board-9
0x44E9ACDC	prop_cs_lipstick-19
0x44A06D53	prop_cs_paper_cup
0x44407A80	prop_cs_rage_statue_p1-3
0x447686BF	prop_cs_rub_binbag_01-5
0x441C9BEE	prop_cs_trowel-12
0x4468CE4A	prop_cs_valve-3
0x44B1E844	prop_cs_walking_stick
0x441EA4E6	prop_curl_bar_01-7
0x44DED643	prop_ecg_01-20
0x445D68A8	prop_energy_drink-15
0x44CA86A9	prop_facgate_05_r_l1
0x4445C280	prop_fem_01
0x44DABF0F	prop_flag_japan_s
0x4495A765	prop_fnccorgm_06a
0x44C10F89	prop_fncsec_03c
0x44467917	prop_golf_bag_01b-30
0x4499C674	prop_golf_ball-38
0x44EC6933	prop_golf_ball_tee-55
0x444048A8	prop_huf_rag_01-42
0x44ABC503	prop_huf_rag_01-80
0x44D49F34	prop_ing_camera_01-55
0x44406E6F	prop_iron_01-26
0x4456B9E8	prop_lrggate_01c_r-12
0x443D8169	prop_luggage_06a-48
0x44D5766B	prop_luggage_08a-51
0x44C57B4D	prop_monitor_w_large-10
0x44D17C7D	prop_monitor_w_large-12
0x44675CA3	prop_phone_overlay_anim-29
0x44483B49	prop_phone_overlay_anim-92
0x443848AA	prop_sacktruck_02b-23
0x441EBCD4	prop_sec_barier_01a
0x443CBF5B	prop_sign_road_05g
0x44FAE306	prop_sports_clock_01
0x4492502E	prop_syringe_01-4
0x447A9CCB	prop_tennis_rack_01-4
0x4484243F	prop_thindesertfiller_aa
0x44831CB4	prop_tool_screwdvr01-1
0x44F33175	prop_tram_pole_double03
0x44AEA99C	prop_truktrailer_01a
0x4414EAD9	prop_v_m_phone_o1s
0x449A4D6C	prop_wheel_rim_02
0x4423F46E	prop_yoga_mat_01-6
0x44E515E8	propr_alab
0x44A655CF	prs_cbaa
0x447A4158	prs_eiac
0x44733EB4	prs_enaf
0x44E125BE	prs_pwaa
0x449EAB76	ps2a_drive_bulldozer
0x44EEC494	ptrx_idle_h_q_r_08_headphones_dj_ptrax
0x44155FB9	qrm4s
0x449A5512	railhouse01waypt
0x440095BA	rampa_cuedance_idle_a_02_tumbler
0x447B592B	rampa_cuedance_idle_k_16_v2_hp_head
0x44C3F6AC	rampa_cuedance_sync_a_09_v2_hp_head
0x4494E00D	rampa_mix_idle_f_06_t_bottle
0x448E5103	rampa_mix_idle_i_10_s_glass_03
0x441E8042	rampa_mixsway_idle_b_02_facial
0x44B5F21A	rampa_mixsway_idle_f_07
0x441D6EE4	rampa_trans_awayside_to_cuedance_b_05_s_glass_01
0x44A7AD9B	rampa_trans_awayside_to_cuedgrab_a_02_v2_s_glass_03
0x4467A6DA	rampa_trans_cuedance_to_cuehpgrab_b_04_v2_s_glass_02
0x444B3766	rampa_trans_mix_to_mixhpdown_a_05_s_glass_02
0x444A21FF	rampa_trans_mixdance_to_mix_c_12_s_glass_02
0x44071BB6	rampa_unq_sync2_d_20_v2_s_glass_02
0x44A1E2F8	rampa_unq_sync3_b_21_v2_s_glass_01
0x44A635AA	rampa_unq_sync_a_14_v2_tumbler
0x4411BA1C	rbh2a_eoaa
0x44C83C27	rbh2a_lxaa
0x4448F82D	rbratio
0x44DB7DCC	read
0x446875C2	ready_up_intro
0x44FF9CD5	rearr_azaa
0x446B335A	rearr_bqaa
0x44B310D6	recha_bhaa
0x44EA3D2C	redo2_btab
0x44B8FCF0	redr1_cdaa
0x44E44694	redr2
0x4425F5CE	redr2_blaa
0x44B067A7	regina-40
0x44F1D55E	reh_int4_style_4_decal
0x44CB4F0F	reh_prop_reh_folder_01b-47
0x44604AB5	reh_prop_reh_folder_01b-52
0x4465FEE8	reh_prop_reh_plague_sf_01a
0x44705A39	rehh1_apaa
0x444FC15E	rehh5_bbaa
0x44861DD5	resna_bkaa
0x4482E173	rest_ch_prop_ch_sec_cabinet_01abc
0x447B1422	result_good
0x4484B9F5	retow_aqaa
0x44D58A68	rippledata
0x44BF5AB1	robbery_action_bag
0x44FEA57E	rstart_l_180
0x4419671B	run_bwd_add
0x447E5603	run_empty
0x446AF4D0	rurs1_cnaw
0x44DDCAE1	s_f_y_beachbarstaff_01_dual-7
0x44ACE464	s_f_y_genericcheapworker_01_black_mini_01
0x44CE2DC3	s_f_y_shop_mid_dual-10
0x44F207CE	s_m_m_bouncer_02_dual-37
0x4476C093	s_m_m_chemsec_01-0
0x44CE41B4	s_m_m_highsec_04_dual-21
0x44105456	s_m_m_paramedic_01_dual-25
0x44FF00A0	s_m_y_waretech_01_dual-13
0x441405EC	s_m_y_xmech_01
0x443A3FB7	s_prop_hdphones-4
0x4484C2F8	saltare
0x445A9FAF	sas_1_rcm_concat-8
0x448A57A7	sauerei.
0x44881648	sc_signing_in_text
0x44D5029F	scientist_approaching
0x44D211FF	scr_exp_clown
0x44FCED1E	scr_familyscenem
0x44812E2E	scr_vw_finale
0x44A3531E	scr_xs_sf_pit
0x44470055	scrape_snow
0x44201053	scrapyard_29_bikers
0x44AED166	scratch_gr_prop_gr_millcage_01a
0x44B23BBF	screenshot
0x44962C3B	scripted_scanner_report_ah_3b_01
0x4436168B	se_ba_int_03_ba_hktrk_radio
0x44EDA2E0	se_mp_apt_new_1_2
0x4408D5CE	se_tr_tuner_car_meet_sandbox_music_01
0x44925581	seat_r
0x4417812E	seated_smoke_weed_male_b_idle_b
0x4489F532	sf_mp_apa_yacht_jacuzzi_ripple1
0x44530E74	sf_prop_sf_apple_01a-18
0x44EB2B32	sf_prop_sf_apple_01b-6
0x44A1514E	sf_prop_sf_cash_roll_01a-33
0x44BEF3C7	sf_prop_sf_door_com_r_06a-64
0x4416DC51	sf_prop_sf_door_stat_r_01a-12
0x447CFF05	sf_prop_sf_golf_bag_01b-26
0x441DD045	sf_prop_sf_keyboard_01a-53
0x44C438E7	sf_prop_sf_pallet_01a-16
0x44DF91C9	sf_prop_sf_s_mixer_01a-50
0x44EA6B05	sf_prop_sf_s_mixer_02b-65
0x4490FDEE	shoot_opendoor_guard
0x442A04A5	shopping
0x44442FB3	skel_r_hair008
0x440C69B2	sky_moon_col_g
0x44BE1CA6	slmn1_byab
0x44B86C7A	sm_prop_smug_cctv_mon_01-15
0x44A87012	sm_prop_smug_cctv_mon_01-22
0x44AC3151	sm_prop_smug_flask-75
0x44359B50	sm_prop_smug_havok-55
0x44A455DA	sm_prop_smug_offchair_01a-52
0x44D096FE	sm_prop_smug_speaker-5
0x44EF1D22	smg_mp_music_stop
0x4455A4FB	smoke_male_c_trans_a_facial
0x44397EFE	software_installing_loop
0x44D86AE1	sol_1_mcs_1_concat-1
0x449EC36F	sonido
0x44F9D19B	sorter_left_sort_v3_bucket01a
0x442975EE	sp_f_eyes_5_4
0x44B4CF5A	sp_f_feet_0_5
0x44C2B240	sp_f_feet_2_0
0x447DC503	sp_f_head_38_0
0x446112F9	sp_f_teef_9_3
0x449C3CD9	sp_m_berd_6_0
0x4420B272	sp_m_decl_4_0
0x44C33C15	sp_m_head_10_2
0x445D4BA7	sp_m_jbib_0_10
0x44202119	sp_m_lowr_6_2
0x44DA1B65	sparse
0x44A50481	spinning_c
0x4424DB98	spinningwheel_med_effort_01_wheel
0x44DED88B	spinningwheel_med_effort_04
0x442AF8AA	split_card_player_02
0x443EF0A1	spotcm_volume
0x444754AF	sr_prop_stunt_tube_crn_15d_03a
0x442888F9	stage_1_line_3_franklin
0x4470B901	standvault_exit
0x446F3B9B	start_electronic
0x44349525	start_index
0x4448630A	staticfoamtexture
0x449AEE43	stationscount
0x442D1844	std::nullptr_t
0x444DE3C5	step_short_90_face_180
0x4456819E	stesso
0x44B50F1A	still_to_sit_bike
0x444FEDFA	stt_prop_sign_circuit_14b
0x44AE05DE	stt_prop_stunt_track_straight
0x446B3B1F	stunt_jump_failed
0x44D34796	subfusil
0x44FE5960	sum_mpapyacht_hallpart_glow
0x442F28A7	sum_prop_ac_barge_01
0x44E43535	sum_prop_sum_arcade_plush_04a
0x4480B106	sum_prop_sum_arcade_plush_05a
0x44952A09	sum_prop_track_ac_bend_bar_180d
0x44ED7CD9	sunken
0x4457F343	superd-2
0x440DF42E	surge-13
0x4486F471	swapping
0x444114B4	sweep_high_blocked
0x44DD0FD2	switch@michael@rejected_entry
0x4499D2C8	t1m1_cnad
0x446DDC66	t1m4_aeaa
0x44662EEA	t_getout_r_veniceb_cam
0x44E10D33	tailgater2-43
0x44A9B3C1	take_a_piss_male
0x448A1F59	take_note_02_prop_pencil_01
0x44F61B36	tankercar-6
0x44AFB1F7	target_deactivate
0x442C1708	telecomunicazioni
0x442182E7	tennis_plyr_forearm_master
0x44C4C575	tm44_fvab
0x44952403	tm44_fzah
0x44BD7939	tm44_ggaa
0x44F3DAFD	toss_many_player
0x443D96BA	tou_idle_open_b_mm_face
0x44B10050	tr2_alab
0x446EFD5C	tr2_dpad
0x44DB6E7C	tr2_eiac
0x44CF7D5A	tr2_qlaa
0x4492E6B2	tr2_rgaa
0x446AA056	tr_prop_tr_note_rolled_01a-24
0x4494612A	tr_prop_tr_roller_door_06a
0x443AB868	tractioncurvemax
0x447AC19C	trading
0x44CC6C62	trajeado
0x44255274	trflat-7
0x445BA0FB	triathlon_outro_michael_cam
0x44B3077B	trv3_dgaj
0x44D1ED4B	trv3_dtag
0x44B80B86	try_shirt_negative_d
0x442B7DDF	try_shoes_negative_d
0x44FD4BC9	turnthresholdmin
0x44AF7946	tv_idle_b_cam
0x442D8536	txm10_dbaa
0x44299033	typing_idle_05_franklin
0x445A5AE0	u_m_m_curtis_p
0x44B44AE4	uma
0x44939D8E	unlock_enter_janitor
0x44083220	update:/x64/audio/sfx/
0x44727878	upgrades
0x444A1993	v_16_study_rug
0x44F9F6F3	v_19_dtrpsbitsmore
0x441BE1E4	v_19_stpprvrmpics
0x441DDA53	v_31a_jh_steps
0x44F937AB	v_74_atr_hall_m_refl
0x44312959	v_74_cfemlight_rsref005
0x44236C38	v_8_hall3decdirt
0x44D0D428	v_club_vubrushpot
0x449E820B	v_corp_cabshelves01
0x4403D2FA	v_ilev_cd_door2-56
0x44447876	v_ilev_lester_doorfront
0x44E4F14A	v_ilev_mm_doorm_l-15
0x44C79918	v_ilev_trevtraildr-26
0x448AF870	v_ind_rc_dustmask
0x4405EBF0	v_ind_ss_chair2-14
0x44756C2F	v_ind_ss_chair2-24
0x446615ED	v_res_msidetblemod
0x44B6DD90	v_res_tt_pizzaplate-13
0x444EEB93	v_ret_gc_phone
0x44A18787	v_ret_tat2stuff_04
0x440E0324	va
0x44225DC7	vb_36_evening
0x44559362	veh@drivebybike@sport@rear@1h
0x44BF7F8C	veh@truck@ps@music@countryidle_a
0x4455E2A1	veh@van@rds_rear@idle_panic
0x4439C1BD	veh_air_turbulance_dirt
0x44A56189	vehicle_weapon_apc_missile
0x44DB5498	vehicle_weapon_turret_insurgent
0x4497AC40	vehicle_weapon_volatol_dualmg
0x44DE0C1A	vehicles_comet_interior
0x44EB7720	venga
0x4433BAA0	ver_02_bottom_right_enter_ch_prop_vault_painting_01a
0x44ED3E59	ver_02_cutting_top_left_to_right_ch_prop_ch_sec_cabinet_02a
0x44B7F948	vespuccibeach_19_bikers
0x446931BF	veui_cam_attri
0x449CFBE1	veui_focus_man
0x443194B5	veui_si_mk_cam_hlp
0x446A217A	vfx_it3_26
0x4429CF40	victim_large_wpn_front_failed_takedown
0x44E0977E	vw_prop_chip_10dollar_st-24
0x448A5DE2	vw_prop_roulette_rake
0x4431E9F8	vw_prop_vw_board_01a
0x44B3FA20	vw_prop_vw_box_empty_01a-64
0x44E9C9D8	vw_prop_vw_champ_open-21
0x44581C37	vw_prop_vw_ice_bucket_01a-9
0x442DD471	vw_prop_vw_wallart_71a
0x447A5330	w_am_jerrycan-18
0x445E3C7E	w_ar_carbineriflemk2_camo7
0x44524EE8	w_lr_rpg-10
0x4498D09D	w_lr_rpg-22
0x44973FE6	w_me_bottle
0x449D1FB5	w_me_switchblade-32
0x44E18DA9	w_pi_pistol_mag1-53
0x4476ADB6	w_pi_pistolmk2-14
0x448E7CA0	wanted_level
0x446A712A	watch
0x44BF46FF	water_boat_wash-0
0x449F3504	wbaes_cbc
0x440A003A	wc5x
0x44F4DC99	wct_sb_var2
0x4475DA1E	weapon@w_pi_stungun
0x44C2A96A	weapon_6a_rot
0x44D1C3E5	weapon_bench_syringe_rag
0x440E4788	weapon_golfclub
0x44E0CDEB	weapon_select_pliers_hand_l
0x44EA27D2	weapon_select_syringe_hand_r
0x44EEE4D4	weapons@first_person@aim_idle@generic@melee@unarmed@
0x44F02DA9	weapons@first_person@aim_stealth@generic@projectile@shared@core
0x4458FFC3	wedge_swing_intro
0x443B6EBF	wheel_decal_water_bike_deep
0x4466DE28	win_g
0x444600FD	wood_idle_high_a
0x44EEFB57	world.
0x444305A0	wqa2-
0x444939A2	wrench_attack_mid_wrench
0x445A9EE0	wstop_l_90_facial
0x44F5F26E	wt_sg_pmp2
0x44B1DE9F	xm25_mansion_intc-1
0x44CC85D7	xm3_des_xm3_velum2_crash_05-0
0x44B68AB6	xm3_drg1_ace_int-51
0x4453E59A	xm3_drg2_cook_int-21
0x44BFC55C	xm3_hippie3_pvg
0x4443AC84	xm3_int3_intwaremed_wall_lamp023
0x44017ED7	xm3_int4_shadowmap3
0x44A458E9	xm3_mpchristmas3_additions_ss1_shell_slod
0x44FE95B1	xm3_prop_xm3_balloon_01a-37
0x44FECA23	xm3_prop_xm3_coke_spoon_01a-56
0x44B25513	xm3_prop_xm3_container_01d-3
0x443FFCB8	xm3_prop_xm3_lsd_beaker_01d
0x448A6141	xm3_prop_xm3_pill_01a-13
0x4459E43C	xm3_prop_xm3_pill_01a-28
0x449A4A29	xm4_rob_cas_mcs2
0x44D1507E	xm4_yard_int-6
0x4492B4FC	xm_prop_x17_lectern_01-40
0x44F95782	xs_prop_arena_barrel_01a_sf
0x445FE6F3	xs_prop_arena_champ_closed-4
0x44AFBC05	xs_prop_arena_clipboard_01a
0x4411EF13	xs_prop_arena_clipboard_paper-18
0x44A50B16	xs_prop_arena_stickynote_01a-14
0x445A8A3C	xsv
0x448B62CB	ypdb
0x44F31862	z270
