0xD1E19F27	/g/v-
0xD19A97A8	001404_01_mics3_16_reads_script_idle_prop
0xD1528F24	001916_01_fras_v2_9_plays_w_dog_idle
0xD1D013DC	053.2
0xD1BE5C11	0:736
0xD17D96E1	0x35456a4
0xD1BDA7C7	1ppr
0xD1ED783F	297.1
0xD12BC386	2pm.
0xD18EE56B	5n
0xD1B67184	8bpv
0xD1BE24F9	::markincyclefunctor
0xD147AFCE	:rcc:y
0xD14A0E25	___qrqu
0xD110DB67	a_c_fish_dual-52
0xD1CF9BBF	a_f_m_tourist_01_dual-4
0xD1F2E6BA	a_f_y_beach_02_dual-29
0xD17E6765	a_f_y_bevhills_03_white_mini_01
0xD1E5A6C1	a_f_y_bevhills_04-20
0xD1B3F4E0	a_f_y_clubcust_02_dual-16
0xD1F24C0E	a_f_y_fitness_01_dual-16
0xD1A2E111	a_f_y_genhot_01_dual-24
0xD1358EA7	a_f_y_hipster_02-10
0xD118F881	a_f_y_tourist_01-33
0xD172497E	a_m_m_afriamer_01
0xD19FFBCA	a_m_m_bevhills_01_white_mini_01
0xD1E6C93B	a_m_m_genfat_01_dual-30
0xD15D7E71	a_m_m_ktown_01
0xD186F330	a_m_m_mlcrisis_01_dual-7
0xD1EE2C8B	a_m_m_studioparty_01_dual-17
0xD15EEDA7	a_m_m_tourist_01_dual-3
0xD1299689	a_m_o_genstreet_01_dual-7
0xD1FEB884	a_m_y_beach_01
0xD1405583	a_m_y_business_02_white_mini_02
0xD1E2CD5A	a_m_y_epsilon_01-5
0xD1DAE1BD	a_m_y_epsilon_01_dual-1
0xD1CCE036	a_m_y_gay_01
0xD152F198	a_m_y_hipster_03-1
0xD17A0D8F	a_m_y_salton_01_dual-0
0xD19F5178	a_m_y_stbla_02_dual-28
0xD12F9A3C	a_m_y_stwhi_02_dual-42
0xD1453EA2	ac12_fspot_fos_ep1_p1_01-27
0xD1698640	ac13_fspot_fos_ep1_p1_01-23
0xD1CE64DF	ac14_arm_2_int_alt2_00-4
0xD1AB1581	ac14_lamar_1_intp2t10_01-14
0xD179FA62	ac2_fspot_fos_ep1_p1_01-20
0xD19F56FB	ac6_car_5_ext_004-8
0xD193A54F	action_heeled_ally3
0xD14A5820	action_left
0xD1CD7758	action_light_smoke_facial
0xD1BA4BD3	adam_away_idle_t_10_v2
0xD1F9E284	adam_away_idle_w_10_hp_table
0xD1863D17	adam_bch_unq_sync2_a_59_tumbler
0xD1A15849	adam_bch_unq_sync3_b_29
0xD16939D7	adam_cue_idle_e_05_facial
0xD17FB486	adam_cue_idle_f_10_bottle
0xD184F9E0	adam_mix_idle_s_18_hp_table
0xD16916FC	adam_mixdance_idle_e_31_facial
0xD1C3D2C9	agent01_night_shift_right
0xD1D439B7	ah3b_gjab
0xD1ADFADA	ah3b_jlaa
0xD1C0A5E9	ah_3b_mcs_1-0
0xD16DBD5A	ahf_ajaa
0xD1BA7622	aimed_at_by_player
0xD1E59515	amb@code_human_in_car_idles@van@ps@base
0xD1D6F9A3	amb@prop_human_bum_bin@enter
0xD169F11B	amb@world_human_jog_standing@female@idle_a
0xD11486C9	amb@world_human_leaning@female@wall@back@hand_up@exit
0xD1B609D3	ambclub_13_li_mi_lookaround_laz
0xD1353984	ambient_tv_11
0xD1FEAAB0	andy_ig_1_p15_theresnothingleft_2
0xD1FBC37B	anim@amb@carmeet@checkout_engine@drink@male_b@base
0xD1E1B3F6	anim@amb@office@game@seated@female@var_a@base@
0xD1381492	anim@amb@prop_human_seat_computer@male@idle_b
0xD16D9992	anim@heists@ornate_bank@hostages@cashier_b@
0xD1C97D83	anim@mp_rollarcoaster
0xD1D12F45	anim@scripted@freemode@ig11_smoke_joint@male@
0xD13B4FBC	anim@scripted@island@special_peds@party_girl@hs4_party_girl_stage1_ig9
0xD101506B	anim@scripted@player@mission@tun_table_grab@cash@heeled@
0xD1346F45	anim@scripted@ulp_missions@hatch@hatch_exit@male@
0xD1EE49E0	anim@veh@plane@mogul@front@ds@enter_exit
0xD1E54240	anim@weapons@pistol@minismg_str
0xD1DDE8B7	anim_ac2_fos_ep_2_p3_01-4
0xD11EE2F2	anim_ac61_fos_ep1_p6_01-27
0xD1F25125	anim_ac77_fos_ep1_p6_02-6
0xD1746E25	anim_ac82_fos_ep1_p6_02-9
0xD12DF096	anim_casino_a@amb@casino@games@spectate@cardtable@ped_male@stand@01b@idles
0xD1638AD1	anim_casino_b@amb@casino@games@threecardpoker@ped_male@regular_withdrink@01a@idles
0xD1F1D021	anim_corona_oat_fos_ep1_p6_13-8
0xD1A58E67	anim_corona_oat_fos_ep1_p6_15-26
0xD193062F	anim_corona_oat_fos_ep1_p6_17-10
0xD1F785E4	anim_corona_oat_fos_ep1_p6_17-23
0xD1C069FA	anim_oat_fos_ep1_p6_035-33
0xD1CFD625	anim_oat_fos_ep1_p6_041-8
0xD1B6557B	anim_oat_fos_ep1_p6_044-17
0xD1819267	anim_oat_fos_ep1_p6_048-3
0xD16305CC	anim_oat_fos_ep1_p6_16-32
0xD1143C9C	anim_oat_fos_ep1_p6_25-19
0xD180BEF4	anim_oat_fos_ep1_p6_27-17
0xD180A370	anim_oat_fos_ep1_p6_28-15
0xD19EE38C	anim_oat_fos_ep1_p6_29-29
0xD11E6E71	animal_default
0xD1F1AD81	animl_amab
0xD1122F15	animl_caaf
0xD1D3D950	animl_chac
0xD17F5BE3	animl_cyab
0xD1DA3497	animl_czaj
0xD1B5698F	animl_deah
0xD10A4A7C	animl_ejac
0xD1736018	animl_eyah
0xD1595E45	animl_goaj
0xD1FA6744	animl_gqag
0xD179368A	ap1_02_door_r-12
0xD1B89765	apa_anim_caustic_p002
0xD16854BB	apa_mp_apa_yacht_jacuzzi_ripple003
0xD1B31C7E	apa_mp_h_bathtub_01
0xD1F5182C	apa_mp_h_lit_lamptablenight_16
0xD1A5B10A	apa_yacht_grp09_1_int
0xD12783AF	apart_draw_5
0xD1FC47C2	ar2_fmaa
0xD169AFF7	ar_cab_whistle
0xD14B8CDE	arm1_aaaa
0xD10B65B0	arm1_cxaa
0xD1B4F6E3	arm3_bfao
0xD1BD04E3	arm3_bvaa
0xD1D0CA0C	armenian_3_int-4
0xD122EFAF	armenian_3_mcs_6
0xD13D0603	arms_igaa
0xD10693E7	autoclip1_fbi_4_mcs_2_a1_p3_01-9
0xD1D3D72F	az_ch_dlc_arcade_office_area
0xD1C07781	az_los_santos_rockford_park_02
0xD15387F3	az_los_santos_vinewood
0xD1F6208E	az_special_underwater_gristle_5
0xD17EA657	ba_prop_battle_champ_open_03
0xD1B55DA9	ba_prop_battle_champ_open_03-15
0xD129ECF5	ba_prop_battle_champ_open_03-89
0xD1807581	ba_prop_battle_sniffing_pipe-26
0xD1301A54	backing
0xD11D1E05	baller7-4
0xD1705567	bardziej
0xD1227F09	base_bucket
0xD1609B0D	bass:
0xD10FE8FE	bb2_abaa
0xD17F255F	bestia
0xD14B16E2	biujku7
0xD188E0DD	bkr_prop_bkr_cashpile_06
0xD173ED53	blood_stungun
0xD1FEA2E1	blunt_enter
0xD19ACF91	bmad_out_tale_in_a_bg_male5_face
0xD1240B2C	bot_01b_bit_01-6
0xD1C96383	bottomright
0xD1FF6DC2	bs2b_poaa
0xD1C45D53	bspra_aqaa
0xD1DD4928	bspra_ceah
0xD1B4C3A2	bul_bushes
0xD11AF4D3	busto_bhaf
0xD160B89F	canyonriver01
0xD1C55AE8	cas_lautay_ig5_taylor
0xD15E82D8	cas_vince_ig2_she_blew_it
0xD146DDC5	cbrad_ajab
0xD15739A6	cbrad_asaa
0xD164EA98	cbrad_dyag
0xD1CCA2AE	ch1_09b_vinegrapes_101
0xD1EEA5C4	ch_prop_arcade_street_01c-5
0xD156B44C	ch_prop_ch_duffelbag_01x
0xD1125B4B	chatc_bfag
0xD1F0F322	chatc_bxah
0xD135F729	chatc_byao
0xD1777E95	chatc_cdab
0xD1DB57A0	chatc_ctac
0xD14641CF	chemical_pour_long_sacid
0xD174860B	chiliad
0xD18FD04D	cinteriorproxy::cleanupretainedentity
0xD11A3FCE	click_fail
0xD143759F	club_intro-52
0xD170E762	club_intro-84
0xD18E4307	cm_aniret
0xD1E99497	cmod_pla_4
0xD1CC1E8E	cmrc_categs
0xD1C91589	combattimento
0xD163704B	common:/data/missioncreatordata
0xD104EE4B	completion.
0xD12ACA6F	component_assaultrifle_mk2_clip_02
0xD16F1438	component_pumpshotgun_clip_01
0xD149F6E0	constraintstrength
0xD104E726	cop_on_floor
0xD1B150BB	corona_fos_ep1_p1_02-26
0xD1476574	corona_oatfos_ep_1_p1_021-25
0xD1314D11	cowgirl
0xD19DF9BB	cpacketsoundstopphonering
0xD1A959A6	crashed_plane_ambience
0xD161EE97	creatures@crow@amb@world_crow_feeding@enter
0xD1874F04	cs_amandatownley_02_dual-15
0xD1A85426	cs_amandatownley_02_dual-51
0xD19AC036	cs_amandatownley_02_dual-62
0xD17759E4	cs_amandatownley_dual-45
0xD1AAED48	cs_beverly_dual-4
0xD19D1715	cs_davenorton_dual-15
0xD165C518	cs_lestercrest_3_dual-30
0xD1469DAC	cs_marnie_dual-20
0xD1065692	cs_martinmadrazo_02_dual-38
0xD1F5D991	cs_martinmadrazo_02_dual-47
0xD11AD80A	cs_molly_dual-15
0xD1CC1776	cs_old_man2_dual-16
0xD1F0B537	cs_pls_sub_water_drips-13
0xD1EB8E3C	cs_pls_tea_pour-31
0xD1279813	cs_pro_bul_carmetal
0xD1FA1E04	cs_stevehains_dual-9
0xD1ED7114	cs_sv_yard_car_wheel_smoke-38
0xD13EDB8D	cs_taocheng2_dual-8
0xD1263C3C	cs_tracydisanto_dual-12
0xD1609FFA	csb_agent14_02_dual-35
0xD1AE7239	csb_alan_dual-40
0xD1E82650	csb_anton_dual-6
0xD168AC06	csb_avery_dual-20
0xD18CB445	csb_bryony_dual-8
0xD189F604	csb_callgirl_02_dual-49
0xD12BCBF8	csb_callgirl_02_dual-54
0xD1F0E982	csb_chef2_dual-23
0xD116E68A	csb_chef2_dual-30
0xD156BBC0	csb_dax_dual-14
0xD101E592	csb_drugdealer_dual-0
0xD1B390DA	csb_englishdave_dual-62
0xD1893524	csb_faber_02_dual-19
0xD1C4FE93	csb_imran_dual-0
0xD10E5472	csb_jio_02_dual-2
0xD1BB106E	csb_johnny_guns_dual-16
0xD1099CA7	csb_labrat_dual-60
0xD12E9CF5	csb_labrat_dual-62
0xD1C9F028	csb_sessanta_dual-2
0xD1DC1ECC	csb_sol_dual-26
0xD1D4E3ED	csb_soundeng_00_dual-5
0xD13ACDD5	csb_weiss_dual-54
0xD1DBDD62	csb_yusufamir_dual-62
0xD1A81B5A	csfl_anab
0xD17FFDD2	cst4_bxaa
0xD130EB0F	cst4_ccaa
0xD16AB4CB	cst4_elag
0xD1BE3F88	cst7_avab
0xD16DD273	curios_loop_female_02
0xD13A913F	cut_hs4_cctv_animal_maul-5
0xD1411E76	cut_hs4_champagne_pour-21
0xD1FBA56F	cut_hs4_champagne_pour-33
0xD19464B2	cut_hs4_cig_smoke-6
0xD153A223	cut_hs4f_photo_burn-17
0xD1012BF3	cut_pipe_start
0xD12E68AD	cut_sec_beer_bottle
0xD1D45B09	cyclone-17
0xD1AA876A	d_30_nmt_1_rcm_pt2_002-9
0xD1266AC7	d_ac1_fin_c_ext_p3_01-10
0xD1D5ED46	d_ac1_fin_c_ext_p3_01-20
0xD1D2126E	d_ac1_fra_2_ext_p3_00-6
0xD11CAF85	d_ac2_ep_8_rcm_002-11
0xD12F04B7	d_ac2_tunf_drp_bag_p1a1_t00_00-1
0xD19010FD	d_ac3_carsteal_3_mcs_33c_001-3
0xD14F4AA5	d_ac9_sol_2_int_alt1_02-1
0xD15AFAA7	dancecrowd_hi_07_dlg_whooyeeha_laz
0xD193FA9D	dancecrowd_li_13_smackthat_horse
0xD1418A56	dealer_focus_player_03_idle_split
0xD1EAA412	decal_normal_spec_um.sps
0xD108BAB6	deck_deal_p01_card_b
0xD1E03553	deck_deal_p04_card_c
0xD13FD37E	denise_idle
0xD1D42D4B	des_trailerparke
0xD18DD509	dh1_ezaf
0xD1630D93	dh2a_djao
0xD1A691C3	dh2a_geaa
0xD156F8CB	directionalvelocityadd
0xD1D7D5CA	disconnect_wire
0xD1931FF4	distance_dump_factor
0xD12B2389	distant_racers
0xD115FA91	dive_bh_long_lo
0xD121FFEA	dixn_idle_cntr_lng_c_glass
0xD188260B	dixn_sync_cntr_j_headphones_neck
0xD1E19199	dlc_mp_apa_m_feet_5_4
0xD123828F	dlc_mp_apa_m_legs_11_1
0xD149B85E	dlc_mp_apa_m_special_3_3
0xD129D18F	dlc_mp_ar_f_jbib_3_7
0xD123585D	dlc_mp_arena_f_berd_0_14
0xD1FA3A5D	dlc_mp_arena_f_hand_8_0
0xD18CA581	dlc_mp_arena_f_hand_9_0
0xD1957CDD	dlc_mp_arena_f_jbib_10_3
0xD1D621C7	dlc_mp_arena_f_jbib_6_17
0xD1A151E1	dlc_mp_arena_m_berd_5_8
0xD16FF6D6	dlc_mp_arena_m_jbib_11_11
0xD10A7D9D	dlc_mp_beach_f_jbib0_6
0xD1289106	dlc_mp_bh_m_feet_1_20
0xD1A8DEC4	dlc_mp_bh_m_feet_2_20
0xD1CC6C51	dlc_mp_bh_m_jbib_16_8
0xD1001497	dlc_mp_biker_f_peyes_1_0
0xD16C98F1	dlc_mp_biker_f_special_11_1
0xD1340DFD	dlc_mp_biker_m_phead_0_2
0xD1DEDFE5	dlc_mp_biker_m_phead_8_3
0xD1585246	dlc_mp_busi_f_jbib0_11
0xD14A7464	dlc_mp_busi_m_accs4_0
0xD17EF6E1	dlc_mp_busi_m_teeth2_3
0xD1B1433D	dlc_mp_business_m_hat1_3
0xD110158E	dlc_mp_exec_m_legs_0_2
0xD13FDDF8	dlc_mp_fixer_f_phead_0_14
0xD1FE4160	dlc_mp_fixer_m_jbib_2_4
0xD12D692F	dlc_mp_fixer_m_jbib_8_2
0xD130E88E	dlc_mp_fixer_m_legs_3_23
0xD1BB7333	dlc_mp_gr_f_feet_3_7
0xD17C08ED	dlc_mp_gr_f_jbib_11_0
0xD1BF70C3	dlc_mp_gr_f_jbib_12_3
0xD191BBF0	dlc_mp_gr_f_torso_11_4
0xD1BF4079	dlc_mp_gr_f_torso_23_7
0xD15DE732	dlc_mp_gr_f_torso_33_12
0xD1A22EF0	dlc_mp_gr_f_torso_7_12
0xD1AFB5DF	dlc_mp_gr_m_hair_23_0
0xD101B6B8	dlc_mp_gr_m_jbib_2_0
0xD1E0E9CE	dlc_mp_gr_m_legs_2_14
0xD1E9DB0E	dlc_mp_gr_m_torso_10_7
0xD1FA2F32	dlc_mp_h3_f_berd_18_17
0xD197AB9B	dlc_mp_h3_f_jbib_0_0
0xD148B81A	dlc_mp_h3_m_berd_9_17
0xD188D581	dlc_mp_h3_m_hand_3_12
0xD15118B2	dlc_mp_h4_f_hand_0_3
0xD1494455	dlc_mp_h4_f_hand_1_15
0xD1915187	dlc_mp_h4_f_jbib_2_0
0xD11E8F7C	dlc_mp_h4_m_hand_1_12
0xD1F1E662	dlc_mp_h4_m_hand_1_4
0xD1A55A7C	dlc_mp_h4_m_jbib_4_22
0xD1BCAD13	dlc_mp_h4_m_phead_2_1
0xD101C4A3	dlc_mp_h4_m_torso_9_16
0xD1C81003	dlc_mp_heist_m_torso_22_0
0xD1B13D7F	dlc_mp_hips_f_jbib0_3
0xD1E072C9	dlc_mp_ie_f_jbib_10_3
0xD147DB9C	dlc_mp_ie_f_jbib_2_10
0xD142B860	dlc_mp_ie_m_berd_3_1
0xD1949A99	dlc_mp_ie_m_jbib_14_12
0xD15B066A	dlc_mp_ie_m_jbib_17_6
0xD1E4AA30	dlc_mp_jan_f_phead_4_1
0xD15798CB	dlc_mp_jan_f_uppr_3_6
0xD1310E77	dlc_mp_jan_m_teeth_1_0
0xD1BB6BD6	dlc_mp_low2_m_legs_0_2
0xD18A6365	dlc_mp_low_f_jbib_3_1
0xD1CB3368	dlc_mp_luxe2_f_teeth_10_5
0xD1DB2D7A	dlc_mp_luxe_f_jbib_4_18
0xD1C358E7	dlc_mp_luxe_f_pleft_wrist_2_1
0xD182A7DC	dlc_mp_luxe_f_special_1_3
0xD11A7A4F	dlc_mp_luxe_f_teeth_20_1
0xD1D6A432	dlc_mp_luxe_m_teeth_22_0
0xD1EE0EF0	dlc_mp_smug_f_berd_5_21
0xD1DDD26A	dlc_mp_smug_f_berd_9_23
0xD137C6E4	dlc_mp_smug_f_phead_8_0
0xD14D817A	dlc_mp_smug_m_phead_2_7
0xD1049282	dlc_mp_smug_m_phead_7_22
0xD176642E	dlc_mp_stunt_f_decl_1_2
0xD16E18EE	dlc_mp_stunt_f_jbib_6_1
0xD12DCC73	dlc_mp_stunt_f_phead_6_7
0xD16BC24B	dlc_mp_stunt_f_phead_9_16
0xD1F5ED93	dlc_mp_stunt_m_jbib_2_7
0xD163E2B4	dlc_mp_stunt_m_phead_6_1
0xD133D2DD	dlc_mp_sum2_f_feet_6_2
0xD1C07736	dlc_mp_sum2_f_jbib_13_8
0xD131C40C	dlc_mp_sum2_f_jbib_14_8
0xD1B9AF11	dlc_mp_sum2_m_jbib_12_3
0xD17DB522	dlc_mp_sum2_m_pleft_wrist_3_0
0xD1C4EBB9	dlc_mp_sum_m_jbib_16_1
0xD19FE803	dlc_mp_sum_m_special_0_7
0xD17456F5	dlc_mp_sum_m_special_2_12
0xD13861E5	dlc_mp_sum_m_torso_6_4
0xD1346E67	dlc_mp_tuner_f_jbib_12_14
0xD12F6E45	dlc_mp_tuner_f_jbib_12_17
0xD1FE755A	dlc_mp_tuner_f_jbib_12_8
0xD14D0492	dlc_mp_tuner_f_jbib_14_12
0xD1A42FB8	dlc_mp_tuner_f_jbib_18_3
0xD11411D6	dlc_mp_tuner_m_decl_39_0
0xD1B54853	dlc_mp_tuner_m_feet_1_8
0xD1BDCF8E	dlc_mp_tuner_m_jbib_16_2
0xD17BB99A	dlc_mp_vwd_f_peyes_0_4
0xD15CE10B	dlc_mp_vwd_m_berd_0_0
0xD1F1C3E7	dlc_mp_vwd_m_decl_1_6
0xD116D9C0	dlc_mp_vwd_m_jbib_10_3
0xD121E89C	dlc_mp_vwd_m_jbib_21_5
0xD138DC8D	dlc_mp_vwd_m_pears_2_1
0xD19998E3	dlc_mp_vwd_m_peyes_1_12
0xD114E3A4	dlc_mp_vwd_m_phead_1_13
0xD103BD12	dlc_mp_x17_f_berd_4_12
0xD1869DA5	dlc_mp_x17_f_berd_5_2
0xD1855BFB	dlc_mp_x17_f_feet_0_23
0xD1F452EC	dlc_mp_x17_f_legs_0_2
0xD1D2DF1F	dlc_mp_x17_f_legs_1_10
0xD15D6F57	dlc_mp_x17_f_special_1_18
0xD1A7FF18	dlc_mp_x17_m_jbib_6_23
0xD18ACBEA	dlc_mp_x22_f_decl_12_0
0xD1CE4A8F	dlc_mp_x22_f_feet_10_24
0xD15ED95A	dlc_mp_x22_f_feet_1_4
0xD14DE8A0	dlc_mp_x22_f_jbib_12_15
0xD1983126	dlc_mp_x22_f_jbib_1_6
0xD17DA609	dlc_mp_x22_f_jbib_26_5
0xD1F673C4	dlc_mp_x22_f_legs_0_3
0xD129F49A	dlc_mp_x22_f_phead_10_0
0xD1CA54C6	dlc_mp_x22_m_feet_8_0
0xD17B18ED	dlc_mp_x22_m_jbib_20_7
0xD160A0CF	dlc_mp_x22_m_jbib_5_0
0xD1BCA699	dlc_mp_x22_m_legs_6_16
0xD1EA667E	dlc_mp_x22_m_special_1_21
0xD15F0553	dlc_mp_x22_m_torso_10_5
0xD19E85F6	dlc_mp_x22_m_torso_8_18
0xD16F5909	dlc_mp_xmas2_f_hand_4_1
0xD10F09EB	dlc_mp_xmas_m_accs1_3
0xD1F4D9DC	dlc_mp_xmas_m_hat2_0
0xD1AF84D5	dlc_vw_slot_machines_sounds
0xD18C5224	do_you_want_happiness_5
0xD18A90DB	drink_wheatgrass_stage1
0xD1225BF4	drugged_respawn_player_01
0xD155627E	dt1_emissive
0xD1F99454	dukes_roof2
0xD1BC27E7	durchschlagskraft
0xD156A622	dxt
0xD18D71C9	earth
0xD1CF201D	eff:bd
0xD1CD7161	electrocute_both_intro_hand_r
0xD12FBCB4	emperor2-46
0xD18972D9	ent_ray_paleto_gas_plume
0xD187BCDB	enter_camera
0xD15BECE0	env_stripclub_haze
0xD1774AE4	epsw_acab
0xD1781696	esportivo
0xD1E0F2D1	estimez
0xD1A75DA1	ex_office_swag_jewelwatch2
0xD1096715	ex_p_ex_tumbler_02_s
0xD1DA1739	ex_prop_offchair_exec_04-43
0xD1A6CA84	ex_sm_15_office_02a
0xD1C3FBBD	exhaust_24
0xD19BF5A3	exit_01_la_mesa_ped_b
0xD1A41C71	exit_02_west_vinewood_ped_c
0xD120D6EB	exit_03_rockford_hills_cam
0xD157C52B	exit_1_ball
0xD1621382	exit_dog_facial
0xD10F02EC	exit_nobag_facial
0xD1191797	exit_strap
0xD1ED46EC	exit_very_drunk_trevor_facial
0xD1FD2511	exl1_cnaa
0xD1098905	exl1_cpaa
0xD1653345	exp_tag_air_defence
0xD1E99C64	ext3_ahad
0xD11AD5D0	extraparams
0xD144E8A6	f_exit_01_davies_ped_a
0xD13471D2	f_exit_03_la_mesa_ped_c
0xD15EC16C	facials@gen_female@base
0xD111E609	facials@p_m_one@variations@angry
0xD1B80C04	fafj_dxaa
0xD1F3F99E	faiseuse
0xD1ED178F	fam2_on_jetski
0xD1EA20CA	fam5_dqad
0xD1A2C46D	fam5_gyae
0xD1375B6F	fam6_awaj
0xD12E2670	fam6_bsaa
0xD14594B2	fam6_btac
0xD1F4F74D	famt_dmaa
0xD1F9CC52	fan2_bmac
0xD1C7BD5C	fanterie
0xD1C6064F	fb_brow_centre_006
0xD1C1CE1B	fbi3_abaf
0xD1B2D62A	fbi3_alaa
0xD192D0F6	fbi3_buaa
0xD18B69D4	fbi3_ehaa
0xD107AA06	fbi3a_ataa
0xD129F30D	fbi5a_okaa
0xD18E99C3	fbis4_dgaa
0xD1F39367	fbis4_elaa
0xD13472AE	fcfj_csah
0xD1C5B727	fcfl_eeab
0xD19A4B58	fcft_cqal
0xD14238DF	fcft_dhad
0xD1D631CD	fcft_doaa
0xD19FC134	fcma_dqae
0xD1849E3C	fcma_dyad
0xD19B9AF9	fcmf_craj
0xD1231EC1	fcmf_dlan
0xD1F268E1	fcmj_dhad
0xD1B213CF	fcmj_djad
0xD1886586	fcr1000
0xD1E4C67F	fctj_aman
0xD13FA0B2	fe_warning_yes_no_cancel
0xD1E383C8	female_dealer_focus_player_02_idle_impatient_split_facial
0xD1F471AA	female_dealer_reaction_good_var03
0xD1F7A084	female_pos_a_p1_weed_exit
0xD1405587	female_pos_b_p2_enter_normal_weed_normal_weed
0xD145A6DB	female_pos_c_p2_weed_smoke_01_ashtray
0xD14A1D37	female_retrieve_own_cards_and_remove_facial
0xD18BE399	female_split_card_player_04
0xD1547396	fh3a_dbaa
0xD1CC1742	fhf_bxaa
0xD1EB9FC6	fhf_cuab
0xD13CA19F	fib_05_biotech_lab_alarms_10
0xD17BFB11	fill_ac16_mph_tut_mid_p1_004-8
0xD13B36BE	fill_ac5_mph_hum_fin_int_p2_006-4
0xD180BF5B	fin_ext_p2-0
0xD1FCAFF6	finc1_inaa
0xD13941E2	finh1_cpbe
0xD1923FF2	finh1_dnaa
0xD15AA8EB	fix_trip2_int-9
0xD1671D5E	fix_trip3_ext-23
0xD1E7AE42	fkn0_abak
0xD1C43772	fkn0_apaa
0xD158DFF2	fkn0_cman
0xD1068819	fkn1_fhaa
0xD146E35C	fkn1_jxab
0xD12F67A7	flag_override_physics_bounds
0xD17D3A47	flagslocal
0xD160A23F	floyd_dh1_afae_01_g1
0xD19535BB	floyd_dh1_atae_01_g1
0xD1FB4449	fm_tat_f_033
0xD1B0B4C1	fmm_bgab
0xD1A9B8E3	fmm_dgaa
0xD17679E5	fmt_apaa
0xD173F90E	fofl_aaae
0xD17DA7D8	fog_haze_hdr
0xD1B43DC8	fogray_nearfade
0xD12329A4	forklift-1
0xD1B1C80C	fos_ep_1_p3d-0
0xD1ABB666	freighttrailer
0xD19414E8	frlfb_anad
0xD1B558E9	frlfb_caac
0xD1A79373	frlfb_cbae
0xD124FF06	frmfc_cfad
0xD1B65DFB	g_f_m_fooliganz_01_dual-69
0xD147E6B1	g_m_m_fooliganz_01_dual-54
0xD14F2C8A	g_m_m_friedlandergoons_01_dual-48
0xD1AD14E4	g_m_y_famca_01_dual-7
0xD1C5229F	g_m_y_lost_02_latino_mini_03
0xD1389B20	g_m_y_pologoon_01_latino_mini_01
0xD16F6B1F	gal_meme_full1
0xD1816A65	gang_chase
0xD15B565A	gar_open_1_left
0xD1C0CEE7	generic_insult_high_drunk
0xD13A0905	gestures@m@car@std@casual@ds
0xD10F8DFC	gfxmovieroot::invokealiasargs
0xD171EA65	glasses_darkblue
0xD1FBD44F	gr_prop_gr_cnc_01b
0xD1C96D47	gr_prop_gr_crate_pistol_02a-9
0xD1CFD9C3	gr_prop_gr_jailer_keys_01a-13
0xD130F99B	gr_prop_gr_vice_01a
0xD1E722B1	granger2-36
0xD1BF90F6	gtao_biker_fm_shard_sounds
0xD1BD50CD	h4_ne_ipl_08
0xD11F7A34	h4_prop_battle_glowstick_01
0xD1BDFA43	h4_prop_h4_casino_button_01a-81
0xD1F7BE17	h4_prop_h4_console_01a-25
0xD1C0F438	h4_prop_h4_painting_01d
0xD1312F12	h4_prop_h4_pillow_01a
0xD181B3C4	h4_prop_h4_rope_hook_01a-2
0xD19A85EB	h4_prop_h4_t_bottle_01a-3
0xD147D8D8	h4_prop_h4_tool_box_01b-16
0xD1BF68DA	h4_prop_tree_palm_thatch_01
0xD14DF71C	h4_prop_tree_umbrella_med_01
0xD1681C79	hash_d1681c79_xfufvza_collision
0xD170E139	hash_d170e139_nhchzai_collision
0xD1DBC8FD	hash_d1dbc8fd_bqounhk_collision
0xD1E5E4AD	hash_d1e5e4ad_ygnsmm_collision
0xD1FA9836	hash_d1fa9836_plhmebda_collision
0xD1732999	hei_heist_lit_lamptable_06
0xD1572CF9	hei_prop_dlc_tablet-22
0xD1FAB7FC	hei_prop_heist_cutscene_doora-2
0xD16BB647	hei_prop_heist_emp-4
0xD174289F	hei_prop_heist_overlay_01
0xD1840FCC	hei_prop_hst_usb_drive
0xD173925D	hei_prop_hst_usb_drive-45
0xD1498D79	hei_prop_zip_tie_positioned-4
0xD1C42398	heist_spawn_01_ped_a
0xD1A28A0E	hit_second_card_player_03
0xD11AFA8C	horrible.
0xD1368CF0	hs4_nimb_lsa_isd-45
0xD1E13737	hs4_scp_ig1_usb_prop_usb
0xD1482C03	humane
0xD1A8174D	iaaj_int-24
0xD161DD00	idle_02_pencil
0xD16064EC	idle_heeled_usb
0xD1342332	idle_loop_brad
0xD1F4B860	idle_worry_lines
0xD197EA70	ig_17_base
0xD1BFEE7D	ig_1_idle_a
0xD143F47F	ig_3_whenurpregnant_door
0xD18A5BCC	ig_entourage_b_dual-1
0xD18DBA90	ig_furry_dual-47
0xD1F9BC2D	ig_jackie_dual-0
0xD15757B0	ig_jaywalker_dual-48
0xD156D68F	ig_jaywalker_dual-55
0xD157A62A	ig_kaylee_dual-25
0xD1FD2563	ig_nigel-4
0xD1B41C3E	ig_pilot_dual-41
0xD17D1960	ig_pilot_dual-69
0xD1F71A43	ig_tracydisanto-4
0xD16AC757	imp_prop_groupbarrel_02-0
0xD1B7A03F	impact.
0xD12F6217	impexp_int-1
0xD157A93E	impressionnante
0xD19C1DA2	inhibittime
0xD14898A0	input_weapon_wheel_lr
0xD1B91E64	inspecting_look_left_02_pencil
0xD130A3EC	insult_ped_gang_conv09_part1
0xD12F1956	insult_ped_tough_conv05_part2
0xD19DCD79	int_fullambientmult_art
0xD19DCE84	iom_axis_ry_down
0xD1B8905E	is_console_player
0xD156D194	jessie_ig_1_p1_heydudes_6
0xD1133D78	jester4-39
0xD1E692B6	jh_koac
0xD19663C6	jhp1a_bfaa
0xD1CC9F27	kamizelek
0xD1CE41A3	kei_start_camera
0xD17D0DEC	kei_start_kei3
0xD191EE27	kernel32
0xD14D5CC1	kill_for_a_fag_camera
0xD1B8C42D	lamar_car_drive_12
0xD158A20D	layout_low_cheetah
0xD1B7FBD5	ld_girl_a_song_a_p2_no_touch_m
0xD1BC1641	leaves
0xD1508604	lekki
0xD1CD0F68	lem1_ixaq
0xD1CC9EE1	lem2_duai
0xD18266C8	lem2_faac
0xD19638D9	lem2_fhad
0xD10C9D49	lguard-17
0xD1C14EE5	library
0xD1BC2EB3	limousine
0xD16CC24F	listenlisten_1
0xD1498904	loads
0xD16586AB	lodscaler
0xD1D6D6F4	lose_exit_a
0xD189D595	losttimeday
0xD1ED3002	low_car_sex_loop_player
0xD10A5BE9	lr_f_hair_002
0xD1E922A5	luxor2-51
0xD1DDB61A	m23_1_m231_2_main_door
0xD1E1FF12	m23_1_m231_3_rooms1_st_details005
0xD16F4C66	m23_1_m231_3_rooms2_b_details002
0xD1BD5C13	m23_1_prop_m31_cashbox_01a
0xD1DE578E	m23_1_prop_m31_streamerrightwing_02a
0xD1FF4A82	m23_2_int4_m232_office_ceiling_01
0xD16D1C9C	m23_2_prop_m32_door_ls_logo_01a-27
0xD13C3E68	m23_2_prop_m32_warehouse_door_01b
0xD1CA2FF3	m24_1_legacyfixes
0xD1D446BF	m24_1_prop_m41_blinds_closed_01a-2
0xD102492D	m24_1_prop_m41_bounty_door_01a-12
0xD1A269F3	m24_1_prop_m41_exerciseball_01a-41
0xD130E780	m24_1_prop_m41_plant_01a-9
0xD1B6E47C	m24_2_mp2024_02_additions_airstrip_lod
0xD16D7B16	m24_2_prop_m42_rt_screen
0xD100F88E	m24_2_prop_m42_sewing_machine
0xD127A7EE	m24_2_prop_m42_titanshell105_01a
0xD12FA362	m25_1_int_01_lp_02
0xD19C29B3	m25_2_int_01_lamp_ceil_spot_070
0xD1953E59	m25_2_prop_m52_business_card_01a-111
0xD10A7212	m25_2_prop_m52_business_card_01a-82
0xD13BCF60	m25_2_prop_m52_man_shut_wind-9
0xD18E13DE	m25_2_prop_m52_paintcheater_01a
0xD14D6C42	m25_2_prop_m52_vase_flowers_01
0xD1E13748	m25_2_prop_m52_wallart_c_015
0xD1DB89A1	magdemo:
0xD1D20340	male_pos_a_p2_weed_idle_02_normal_weed
0xD19CB509	male_pos_b_p1_enter_lamar_strain_lamar_strain
0xD1F152AD	male_pos_b_p1_weed_smoke_01_normal_weed
0xD16D2BC5	maneuverability
0xD1096CCD	marker_erase
0xD1A2A619	maxcount
0xD1430FF4	maxtorsoswinganglerad
0xD1ABEF1A	mch1_aaak
0xD1E2EF94	mch1_aaay
0xD19CD5EB	mch1_abae
0xD1F69A33	mefl_ayaa
0xD127A1A5	melt_int_6
0xD14EA395	mgps_cmaf
0xD11D6348	mgps_drad
0xD18CE357	mgps_dvaa
0xD1F54D15	mh_l_hairfront2
0xD1C3421D	mi_to_li_m01
0xD17B334D	mic1_1st_van
0xD19CF2FF	mic_4_int-133
0xD18942DF	micro_chin_in
0xD1525B7D	min1_ckar
0xD16AD656	minandboundingradius
0xD1AFD249	minimap_mask
0xD1892DAA	misc_s
0xD1BF93FB	misschinese1
0xD18F62F6	missexile3
0xD1D81003	missfinale_c1@
0xD1677A0B	missfra2
0xD12F500F	missheistfbi3bleadinoutah_3b_int
0xD1054BDC	missminuteman_2ig_1
0xD138A6BB	mixer
0xD1C4B07A	mod_v
0xD16BB94C	monitorfromwindow
0xD15A6D6B	moodm_cdj_right_a_10_lp_right
0xD1F12F68	moodm_dance_ma_27_lp_left
0xD193869C	moodm_deck_lb_15_bag
0xD1F210D4	moodm_idle_ld_05_dancer_b
0xD170FDEA	moodm_idle_mg_10_dancer_a_facial
0xD1AAC8B9	moodm_mic_t_26_facial
0xD1CBD709	moodm_mic_t_26_turntable_right
0xD134BD43	move_action@mp_female@armed@1h@trans
0xD14E22FE	move_action@p_m_two@armed@2h_short@idle@high_energy@a
0xD16955C6	mp_biker_tee_004_f
0xD1C65B76	mp_corona_idles@male_a@base
0xD13E28C2	mp_corona_idles@male_d@idle_a
0xD1B0892A	mp_crate_drop_sounds
0xD128FF9D	mp_f_misty_01
0xD14A8DF2	mp_gunrunning_tattoo_002_m
0xD1ACCFD5	mp_h_08
0xD1513BE5	mp_heist4_tat_011_f
0xD1E7A084	mp_heist4_tee_017_f
0xD1D56D38	mp_heist4_tee_039_f
0xD1A5AE25	mp_hntr_009_f
0xD19B4DDC	mp_intro_mcs_10_a3
0xD1236DC5	mp_intro_mcs_10_a4-0
0xD18F870E	mp_lr_tat_010_f
0xD1F4C238	mp_luxe_vdg_004_f
0xD1FEF4FA	mp_m_weapwork_01_dual-17
0xD12E5EC1	mp_mp_biker_tat_002_f
0xD1BB6296	mp_mp_biker_tat_013_m
0xD11B6BED	mp_mp_biker_tat_032_m
0xD1E7AF14	mp_mp_stunt_tat_006_m
0xD129E58D	mp_mp_stunt_tat_016_f
0xD15411A5	mp_player_int_finger_02_exit_fp
0xD1951375	mp_player_int_gang_sign_b_enter
0xD1A4B668	mp_player_outside_bubble_scene
0xD122B3EA	mp_tuner_tee_013_f
0xD1EA992D	mp_tuner_tee_014_f
0xD106CE1A	mpcas4_int-11
0xD1C2185C	mpcas6_ext-13
0xD1E09C8A	mph_pri_fin_int-1
0xD1182A44	mph_tut_ext-7
0xD16CC686	mpheist3_tee_020_m
0xD1ABB67A	mpheist_overlays
0xD188A378	mpsum_tee_030_f
0xD1DD1FFD	mugging_action_box2
0xD16C05E5	mugshot_lineup
0xD14081B9	multi_delete_failed
0xD1554164	muz_torpedo
0xD128E2CE	n6lrl
0xD1E6C8F2	n_ac13_les_1a_mcs_1_00-4
0xD1441345	n_ac2_jh_2a_mcs_1p3_001-0
0xD1314B77	n_ac3_hs4_scp_airs_p2_t07_01-31
0xD1D27D90	ng_optimise_test-0
0xD183B647	nig1a_cpad
0xD147B031	nig1b_doaa
0xD13510C6	nimbus-21
0xD167A578	nme_away_dance_g_27_bottle
0xD1A70F58	nme_mix_idle_f_base_05
0xD1DEA0CF	nme_unq_sync_h_74_t_bottle
0xD16AAEC7	nmt_1_rcm-23
0xD1B64AC5	note:
0xD1EC5BAB	nt_inv_party_join_save
0xD10829E1	ochronnym
0xD124F3DB	offroad_1a
0xD19CA6D6	ogo
0xD1C89F80	olkzh
0xD1AD4937	omnis
0xD1FD5750	onalt_ton_mcs_1_00-4
0xD1F34228	onat_ep_7_rcm_001-5
0xD1655983	oracle2-12
0xD10BD165	orr_adaa
0xD197445B	osso
0xD13A9DE4	out_of_bounds_alarm_loop
0xD11127A3	outro_b_sign
0xD17AC1B1	outro_player_facial
0xD18B36E7	override_respawn_text
0xD161471F	p_abat_roller_1_close
0xD169CB48	p_amb_brolly_01
0xD16B3C56	p_cs_beverly_lanyard_s-8
0xD1A001DB	p_cs_polaroid_s-5
0xD15DAA10	p_cs_sack_01_s
0xD1F6599A	p_folding_chair_01_s-39
0xD17C8B00	p_gar_door_03_s_close
0xD107DC84	p_ld_heist_bag_s_1-12
0xD18F5A54	p_m_two
0xD1D8D4AF	p_michael_02_dual-73
0xD192C5FC	p_michael_scuba_tank_s-27
0xD1364423	p_michael_scuba_tank_s-34
0xD100B0A4	p_skiprope_r_s
0xD108627F	p_tumbler_01_s-26
0xD1EC005B	p_v_med_p_sofa_s-34
0xD1E2E1AE	pa_you_know_jimmy
0xD181C28F	packer-8
0xD1C84ECE	pamela_ig_2_imterribledarling_6
0xD1967EF0	pap2_bzaj
0xD1EC710D	pap3a_atab
0xD1608606	pap4_ayab
0xD18264F2	pause_menu_header
0xD19FB1C6	pbby_anam
0xD1519235	pbgr_adab
0xD1E0ADFE	pbpd_adaf
0xD1F2E137	pbpd_alaf
0xD12F853D	pbsh_axaa
0xD12DD85F	pbzb_ahac2
0xD13F56B1	ped_b_exit
0xD1317319	ped_b_intro_drunk_male_a_glass
0xD1620008	ped_b_pour_multi_drunk_male_b_glass
0xD14B0D79	ped_b_pour_multi_drunk_male_c_glass
0xD1223FA4	pedacitos
0xD113F434	pedal_r
0xD19164D8	penumbra-24
0xD117E3F5	penumbra-29
0xD1A9E231	phone_b
0xD1417F0E	picbte
0xD1ED978C	pickup_spawn
0xD16E2CA5	pilot_perspective_fire
0xD152D6E3	platform:/data/control/devices/
0xD15DF6D3	pmpla_ahab
0xD12D3B33	pointcm
0xD1E0B7D7	poldominator10
0xD1550BA0	pose_c_idle_a_tumbler_cs2_s
0xD141CB2C	powerful
0xD16097FB	pr_ch_dlc_casino_back_security_rm_computers_alarms
0xD1267AB8	pr_dlc_biker_crack_rattle_ac_02_ug
0xD1E00906	press_vr_button
0xD11BD611	pri1_baad
0xD18D0D0A	pro_fsaa
0xD1C25F38	pro_mcs_2
0xD14B5BA3	proc_leafybush_01
0xD1E4B008	proiettili.
0xD135A475	prop_06_sig1_m
0xD1FBB176	prop_air_lights_02b
0xD1C22731	prop_airdancer_2_cloth
0xD1613453	prop_anim_cash_note-0
0xD175A38F	prop_beer_logopen-44
0xD1DB5101	prop_bumper_05
0xD174534E	prop_burto_gate_01-29
0xD163D097	prop_champ_cool
0xD125BD2A	prop_com_gar_door_01-17
0xD1AC2788	prop_cs_box_clothes-11
0xD1CCA233	prop_cs_bs_cup
0xD1759D06	prop_cs_ciggy_01b-42
0xD1977ED5	prop_cs_film_reel_01-17
0xD1C4B294	prop_cs_kettle_01-32
0xD166C6D9	prop_cs_kettle_01-4
0xD19A1DEF	prop_cs_keyboard_01-18
0xD10BC2C3	prop_cs_keyboard_01-30
0xD12BB03C	prop_cs_mouse_01-38
0xD150863E	prop_cs_tablet_02-8
0xD1423809	prop_cs_walking_stick-12
0xD1E0545E	prop_cs_walking_stick-5
0xD155A261	prop_dock_crane_02_ld-12
0xD1B3E291	prop_ecg_01
0xD1C3134D	prop_facgate_08_frame
0xD15DCD7E	prop_golf_ball-22
0xD187A076	prop_ic_rock_g
0xD1AAD8F2	prop_ing_camera_01-16
0xD1FB3ADF	prop_ing_camera_01-23
0xD14CD2F3	prop_lrggate_02_ld-2
0xD12545A9	prop_luggage_03a-65
0xD11A0E7C	prop_luggage_07a-61
0xD1B60CFB	prop_mug_01-22
0xD1003E2B	prop_npc_phone-20
0xD1CF06ED	prop_npc_phone-86
0xD1226928	prop_off_chair_04_s-14
0xD1CFA7E0	prop_oil_valve_02
0xD1696931	prop_patio_lounger1_table-5
0xD11AE909	prop_pencil_01-10
0xD182C21A	prop_plastic_cup_02-43
0xD166372D	prop_plastic_cup_02-70
0xD1266060	prop_player_phone_02-4
0xD186B292	prop_poolball_7
0xD15DD223	prop_poster_tube_02
0xD10B7000	prop_rag_01-39
0xD1191A56	prop_rock_2_g
0xD1F5E145	prop_scafold_frame2b
0xD1B9399B	prop_sec_barrier_ld_01a-21
0xD1D7610A	prop_table_07-5
0xD1FAF0C3	prop_venice_counter_03
0xD1354347	prop_venice_sign_06
0xD1B0AC45	prop_yoga_mat_02-11
0xD1422D05	prs_joaa
0xD1BE3B06	prs_puaa
0xD1C454F5	pt.
0xD1F98D4D	ptrx_idle_d_mix_base_05_hp_head
0xD18AF5C8	ptrx_idle_ff_mix_17_beer_can
0xD1405AB2	ptrx_idle_o_q_l_10_hp_table
0xD1443F4A	ptrx_idle_w_mix_15_dj_ptrax_facial
0xD1497C8E	ptrx_trans_a_q_l_to_q_r_16_headphones_dj_ptrax_facial
0xD1BE590A	ptxu_acceleration:m_strengthkfp
0xD16D0419	qa_23-03-2012___10-00_milestone
0xD1039CBE	radio1_a
0xD1E5C97A	rage::pghandlebase::registerindex
0xD1E7FAF0	railway_light_right_0
0xD10BBD65	rampa_away_idle_e_08_facial
0xD17AE075	rampa_cuelean_idle_k_19_hp_table
0xD1690B2E	rampa_mix_idle_b_02_v2_s_glass_02
0xD1BAC1C5	rampa_mix_idle_m_17_s_glass_02
0xD1E20CA3	rampa_mix_sync_b_26_v2_s_glass_01
0xD1A4774E	rampa_mixdance_idle_b_04_v2_s_glass_03
0xD18CD2F1	rampa_mixsway_sync_a_08_s_glass_01
0xD1EAF2EF	rampa_mixsway_sync_a_08_v2_tumbler
0xD1270766	rampa_mixsway_sync_d_13_v2_s_glass_01
0xD1CFC84E	rampa_trans_awayside_to_cuedance_a_03_v2_s_glass_03
0xD121EC8A	rampa_trans_cuehpgrab_to_cuelean_a_04_v2_s_glass_01
0xD129513C	rampa_trans_mixdance_to_mix_a_04_v2_t_bottle
0xD14094EA	rampa_trans_mixdance_to_mix_b_06_v2_s_glass_01
0xD109DBCF	rampa_trans_mixdance_to_mixhpgrab_a_04_tumbler
0xD19B484F	rbh2a_mmad
0xD1E2DF8B	re_seaplane1
0xD14DC49D	react_lose_putter_01_trevor_cam
0xD152B23A	reaction_impartial_var_06
0xD178508D	ready_up_mid_bet_intro_seat2_facial
0xD1E55F47	readyidle_to_playidle_var_01
0xD13F424C	reassignment
0xD148C882	reawa_byaa
0xD1B6C1D6	rebth_claa
0xD138F64A	record
0xD1BE7474	recover_front_to_idle
0xD10DCCB5	redo2_bsab
0xD141162E	redo2_cvab
0xD16F4A7F	redr1_czaa
0xD1272051	redr2_cpaf
0xD1A0B552	rehh1_azaa
0xD1D3CCB5	relacionamento
0xD166FA83	repap_btaa
0xD1E45532	repap_cjaa
0xD1F2A477	restart_movie_failed
0xD17B79F6	ricarica
0xD17AD3E4	rifle_aim_whip
0xD1501032	riots
0xD196D93E	rockstar:
0xD188B6BB	rocoto-31
0xD126A59B	rocoto-48
0xD157D55F	round_lost
0xD1657D7E	route1
0xD14FC989	s_f_m_maid_01_p
0xD10BD6C9	s_m_m_highsec_04_dual-13
0xD17B5B20	s_m_m_highsec_04_dual-29
0xD17E644A	s_m_m_highsec_04_dual-6
0xD1A6E54A	s_m_m_studioassist_02_dual-8
0xD1B2282C	sama
0xD10AFE5E	sang
0xD199BA33	sas_1_rcm_concat-0
0xD162B4AA	sat_in_car_lookaround
0xD1953F57	sc_error_invalid_avatarurl
0xD1A3ED8B	scr_bike_coc_cocaine_scoop_pour
0xD158DB26	scr_fbi_ground_debris
0xD170479B	scr_ih_fin_grille_cutting
0xD142FDE7	scr_prologue_ceiling_debris
0xD1793715	scr_sb_hal_zom_dj_mc
0xD1382B91	scr_tn_exp_mine_slick_nodecal
0xD1E389AA	scr_tn_meet_cig_smoke
0xD1C37278	scr_xs_fire_pit
0xD102965F	scrap_security
0xD1F15782	sentinel-25
0xD1271774	set_policy_update_text
0xD134974E	setcharacterunderwater
0xD15AC096	sf_fixeroffice_hw1_08
0xD15B38F5	sf_prop_sf_apple_01b-44
0xD1D5C30F	sf_prop_sf_door_cabinet_01a-19
0xD1A3955E	sf_prop_sf_door_com_r_06a-34
0xD1EC0136	sf_prop_sf_mug_01a-10
0xD19064C8	sf_prop_sf_music_stand_01a-0
0xD139D368	sf_prop_sf_offchair_exec_01a-34
0xD12F2E52	sf_prop_sf_pallet_01a-6
0xD1B4B8EB	sf_prop_sf_s_mixer_02b-47
0xD172F000	sf_prop_sf_s_scrn_01a-12
0xD194F447	sf_prop_sf_sofa_studio_01a-19
0xD11DC12B	sf_prop_sf_track_mouse_01a-20
0xD19FFCDD	short_array
0xD1C08441	sit_aim_up
0xD1BD2D01	skel_r_calf
0xD17BA0C9	skel_r_finger81
0xD115492B	skel_r_hair016
0xD1764DC6	skinblend
0xD1006FA1	sky_stars_iten
0xD1A54EC7	skyplane.fog.fade.start
0xD1BAB899	slmn1_auaa
0xD157A2C6	sm_prop_smug_cctv_mon_01-47
0xD1C66B64	sm_prop_smug_offchair_01a-16
0xD12F015F	smoke_male_b_trans_a_facial
0xD16C863E	sol2_fail
0xD108FC2B	sol_1_mcs_1_concat
0xD1F48292	sol_3_int-8
0xD1369330	sol_5_mcs_2-6
0xD1D346FE	solosoyunactormexicano_3
0xD1BD6E0A	sp_cut_hs3f_ceiling_debris
0xD1357A71	sp_f_eyes_15_1
0xD18E2A5E	sp_f_feet_13_13
0xD153E98A	sp_f_feet_15_11
0xD167F0D4	sp_f_head_32_0
0xD10F485C	sp_f_lowr_11_0
0xD1B1F6F4	sp_hr_lny_firework_trail
0xD11FA6C7	sp_m_accs_7_3
0xD1D43BDF	sp_m_feet_13_5
0xD1F769A1	sp_m_feet_15_4
0xD13DFC72	sp_m_task_4_2
0xD1B12B85	sp_m_teef_5_2
0xD114C7A5	special_ped@bill@monologue_7@monologue_7e
0xD15A3786	special_ped@clinton@monologue_1@monologue_1e
0xD1C7B9FE	special_ped@jessie@monologue_6@monologue_6f
0xD16A8820	special_ped@pamela@monologue_4@monologue_4c
0xD1900A49	spmed
0xD16ED66F	sr_prop_spec_tube_crn_30d_05a
0xD161E912	stance
0xD1385A9D	stand_phone_phoneputdown_wakeup_nowork
0xD1EAE17F	start_to_c1
0xD11742FC	straight_idle_no_armour
0xD1A401A3	stt_prop_stunt_track_sh45
0xD187A7B4	stt_prop_stunt_tube_crn
0xD17A9461	stt_prop_track_straight_bar_l
0xD13533F4	sub_int-2
0xD1DDAFE4	sum25_cayo_surv_ext
0xD1076880	sweep_med_mrk
0xD1A0F2F9	swing_react_bad_02_facial
0xD1D73589	switch_mic_car_fra_laptop_laptop2
0xD13CB1EC	szmal
0xD19EEBC6	t1m1_duaa
0xD152E6F3	tanker2-1
0xD130F636	task_stand_guard
0xD16F1C18	tc
0xD12D7156	textcharacter
0xD1C06B68	the_universe_taketh_prop
0xD1F772D7	thermal_charge_female_hei_prop_heist_thermite
0xD1CD24F5	throw_cup_exit_cup
0xD15E32B0	thumbs_down_a_player_a
0xD1A5A04E	timetable@ron@ig_3_p3
0xD1B43704	timetable@tracy@ig_9_8@exit
0xD1B50E04	tmom_2_rcm-1
0xD16D8AC0	torsostiffness
0xD118B540	tow_ftaa
0xD114A87E	tow_kfac
0xD1782EDD	tr_prop_tr_chair_01a-20
0xD145E5A9	tr_prop_tr_coke_powder_01a-1
0xD1DDE44B	tr_prop_tr_container_01b
0xD13CF3C5	trevor_2_chopper_explode
0xD14E1008	triathlon_outro_franklin_bottle
0xD1B5FD7E	trv3_fwab
0xD18F2BFA	trv4_chase
0xD113F982	trv5_cqaa
0xD181AAB4	two_glass
0xD19FF10C	txm1_epad
0xD10B822E	txm2_ddac
0xD1A8BA74	txm9_eoab
0xD18AA2BD	u_f_m_casinoshop_01_p
0xD1140AD3	u_f_m_debbie_01_dual-4
0xD1700A22	uh47ko9jxj
0xD1613995	usebodyturn
0xD15C04D3	v_34_warejunk
0xD1E48BD0	v_44_1_master_chan
0xD1377F0D	v_44_g_kitche_deca1
0xD10B3C91	v_44_g_kitche_shad
0xD137DA82	v_55_rollerdoor-5
0xD1311DA9	v_61_bd1_mesh_mess
0xD1C7B1F4	v_61_bd2_over_shadow_clean
0xD1E591A5	v_61_hall_mesh_sidestuff
0xD101477D	v_73_cur_ao_test
0xD130226B	v_74_v_fib02_it1_off1
0xD1EC64AB	v_corp_conftable2-0
0xD11E040C	v_corp_hicksdoor-9
0xD1368CC9	v_ilev_chair02_ped
0xD1B157AC	v_ilev_fh_bedrmdoor-0
0xD11AF3B5	v_ilev_fib_door1_s-26
0xD16463B4	v_ilev_garageliftdoor-1
0xD127DD7D	v_ilev_garageliftdoor-58
0xD1D06096	v_ilev_garageliftdoor-72
0xD10070CA	v_ilev_ml_door1-61
0xD1CDA78E	v_ilev_mldoor02-36
0xD10D65F5	v_ilev_ss_door04-2
0xD11801FE	v_res_fa_chopbrd-18
0xD1709367	v_res_fh_sidebrdlng
0xD1DC8020	v_res_m_console
0xD1708EE0	v_serv_ct_monitor04
0xD1EF3AB1	van_front_ds_idle
0xD1C9B490	veh@low@front_dshit_wheel@idle_b
0xD1BDC9D3	veh_avenger
0xD1780C11	veh_wingtip_cargo
0xD11507CF	vehicle_weapon_dune_mg
0xD170D218	vehicles_chopperbk_interior
0xD1C88EDB	vert
0xD11852B7	vfx_it1_12
0xD1C2FE3F	victim_takedown_front_pistol
0xD17E2656	vw_des_vine_casino_doors_02-0
0xD12B2962	vw_prop_casino_art_pill_01c
0xD13B3618	vw_prop_plaq_1kdollar_x1
0xD12B935C	vw_prop_roulette_ball-3
0xD1320B0B	vw_prop_vw_offchair_03-61
0xD1B2E336	vw_prop_vw_panel_off_frame_01
0xD1719AE0	vw_prop_vw_tray_01a-0
0xD10D3771	w_ar_assaultriflemk2_mag1-30
0xD1AE1C18	w_ar_carbineriflemk2_mag1-34
0xD1D38020	w_blindfire_low_l_shotg_reload
0xD1EB68D5	w_sg_pumpshotgun-5
0xD18BB1BD	wake_var_02
0xD157904C	wall_block_high
0xD1FC80CC	water_boat_dinghy_bow-7
0xD18D7817	wct_bat_xm305
0xD19A5391	weak
0xD12D6E86	weapon_normal_spec_alpha.sps
0xD1D5F52B	weapon_tacticalrifle
0xD1C62037	weapons@first_person@aim_lt@p_m_zero@assault_rifle@carbine_rifle@fidgets@a
0xD1D04238	weapons@first_person@aim_lt@p_m_zero@pistol@pistol_50@aim_trans@lt_to_idle
0xD1923527	weapons@first_person@aim_rng@p_m_zero@sniper_rifle@marksman_rifle@fidget@a
0xD13792D5	weapons@heavy@grenade_launcher_stealth
0xD1F40A8F	welt.
0xD1B91E0B	weqxe
0xD164F20B	windsor2-2
0xD1609DEA	wood_swing_action
0xD127C45C	world_vehicle_drive_passengers_limited
0xD11DE39D	writhe_idle_f
0xD1BA0DAF	wt_sg_sof
0xD1ABB4D5	wtd_bottle
0xD151B0BC	xm24_factory_int-29
0xD1B87DDE	xm25_mansion_inta-21
0xD1CF90F0	xm3_drg2_pln_mcs3-15
0xD1A94EAA	xm3_int3_worklight_03b
0xD145AC64	xm3_mpchristmas3_additions_trainb8
0xD1E32B1E	xm3_prop_xm3_hat_ron_01a-61
0xD14DDDC2	xm3_prop_xm3_pill_01a-74
0xD176895E	xm3_prop_xm3_vape_01a-25
0xD16FF80A	xm4_yard_int-70
0xD1F929BF	xm_prop_x17_corp_offchair-17
0xD1C6AABA	xm_prop_x17_corp_offchair-26
0xD1D9D57D	xm_prop_x17_harddisk_01a-52
0xD192E02F	xm_prop_x17_laptop_agent14_01-3
0xD15C5275	xm_prop_x17_laptop_avon-16
0xD19AD532	xm_prop_x17_laptop_avon-30
0xD1E9D5C4	xm_prop_x17_laptop_avon-32
0xD184A7B3	xmas2_draw_0
0xD1BFDE8F	xomq
0xD175B081	xs_combined_set_dyst_01_build_05
0xD1B5EE46	xs_prop_arena_bollard_rising_01b_sf
0xD1F6DABB	xs_prop_arena_clipboard_paper-30
0xD1E9CC4E	xs_prop_x18_garagedoor02-18
0xD18DBF5A	xs_prop_x18_garagedoor02-27
0xD197B6E9	zrda
